Parameter	Posterior Mean	Posterior Variance	a_post	b_post
R/theta	0.352663	8.44898e-05	1472.02	4174.03
1/delta	0.00131483	1.17443e-09	1472.02	1.11955e+06
nu	0.0128132	1.1455e-08	14332.3	1.11856e+06
GCA_002164605.1	8.96871e-07	1.63898e-13	4.9078	5.47213e+06
GCA_002164675.1	3.61537e-07	6.60707e-14	1.97832	5.47197e+06
GCA_002164755.1	8.53027e-07	1.55905e-13	4.66729	5.47145e+06
GCA_002164855.2	1.77969e-06	3.25192e-13	9.73975	5.47273e+06
GCA_002261665.1	5.3749e-07	9.82117e-14	2.94156	5.47277e+06
GCA_002261825.1	7.15228e-07	1.30716e-13	3.91346	5.47163e+06
GCA_002261875.1	9.06225e-07	1.6562e-13	4.95861	5.47173e+06
GCA_002261975.1	5.37624e-07	9.82362e-14	2.9423	5.47277e+06
GCA_002262035.1	1.89181e-07	3.457e-14	1.03527	5.47239e+06
GCA_002262185.1	5.37426e-07	9.82e-14	2.94121	5.47277e+06
GCA_002262215.1	1.82756e-07	3.33975e-14	1.00007	5.47214e+06
GCA_002262225.1	1.42124e-06	2.59749e-13	7.77648	5.4716e+06
GCA_002262375.1	7.15589e-07	1.30766e-13	3.91592	5.4723e+06
GCA_002262425.1	3.60099e-07	6.57982e-14	1.97074	5.47278e+06
GCA_002262475.1	3.60703e-07	6.59103e-14	1.974	5.47264e+06
GCA_002262485.1	3.60092e-07	6.57969e-14	1.9707	5.47278e+06
GCA_002262625.1	1.82751e-07	3.33961e-14	1.00005	5.47223e+06
GCA_002740625.1	3.60234e-07	6.58228e-14	1.97148	5.47278e+06
GCA_002740645.1	7.15298e-07	1.30701e-13	3.91466	5.47277e+06
GCA_002811265.1	7.26229e-07	1.32725e-13	3.97369	5.47167e+06
GCA_002811275.1	3.60849e-07	6.59453e-14	1.97454	5.47194e+06
GCA_002811375.1	1.25565e-06	2.29473e-13	6.87073	5.47186e+06
GCA_002851875.1	9.00958e-07	1.64666e-13	4.92953	5.47144e+06
GCA_002851935.1	8.92941e-07	1.63175e-13	4.88642	5.47227e+06
GCA_002851955.1	8.93227e-07	1.63223e-13	4.88811	5.47242e+06
GCA_002851975.1	8.94002e-07	1.6336e-13	4.8925	5.47258e+06
GCA_002851995.1	7.16508e-07	1.30936e-13	3.92088	5.47221e+06
GCA_002852015.1	5.38755e-07	9.84546e-14	2.94813	5.47212e+06
GCA_002852055.1	7.14978e-07	1.30643e-13	3.91291	5.47277e+06
GCA_002852105.1	8.92417e-07	1.63065e-13	4.88398	5.47276e+06
GCA_002852135.1	5.42111e-07	9.90691e-14	2.96646	5.47205e+06
GCA_002852155.1	1.42476e-06	2.60337e-13	7.79733	5.47274e+06
GCA_002852195.1	5.37391e-07	9.81935e-14	2.94102	5.47277e+06
GCA_002852215.1	5.37518e-07	9.82167e-14	2.94171	5.47277e+06
GCA_002852235.1	5.37421e-07	9.8207e-14	2.94094	5.47233e+06
GCA_002852245.1	7.74338e-07	1.41499e-13	4.23746	5.47237e+06
GCA_002852275.1	7.17771e-07	1.31166e-13	3.92782	5.47224e+06
GCA_002852285.1	5.38283e-07	9.83594e-14	2.94581	5.47261e+06
GCA_002852315.1	7.15963e-07	1.30827e-13	3.91817	5.47259e+06
GCA_002852355.1	5.37404e-07	9.8196e-14	2.94109	5.47277e+06
GCA_002852365.2	3.60153e-07	6.58081e-14	1.97104	5.47278e+06
GCA_002852395.1	3.63313e-07	6.6398e-14	1.98795	5.47174e+06
GCA_002852415.1	3.60776e-07	6.5928e-14	1.97427	5.47228e+06
GCA_002852435.1	9.22697e-07	1.68617e-13	5.04913	5.47215e+06
GCA_002852455.1	1.24677e-06	2.27814e-13	6.82325	5.47275e+06
GCA_002852475.1	7.14911e-07	1.30631e-13	3.91254	5.47277e+06
GCA_002852485.1	1.82915e-07	3.34246e-14	1.001	5.47248e+06
GCA_002852515.1	5.3732e-07	9.81806e-14	2.94063	5.47277e+06
GCA_002852535.1	3.59939e-07	6.57689e-14	1.96986	5.47278e+06
GCA_002852585.1	3.60973e-07	6.59732e-14	1.97506	5.47151e+06
GCA_002852635.1	7.1499e-07	1.30649e-13	3.91285	5.4726e+06
GCA_002852695.1	1.07097e-06	1.95708e-13	5.86061	5.47226e+06
GCA_002852715.1	7.21157e-07	1.31794e-13	3.94606	5.47185e+06
GCA_002852755.1	1.07105e-06	1.95711e-13	5.86143	5.47261e+06
GCA_002852775.1	1.2519e-06	2.2878e-13	6.85051	5.47208e+06
GCA_002852785.2	3.60397e-07	6.58526e-14	1.97237	5.47278e+06
GCA_002852975.3	8.92284e-07	1.63041e-13	4.88326	5.47276e+06
GCA_002853235.1	3.60115e-07	6.58034e-14	1.97076	5.47259e+06
GCA_002853315.1	1.42528e-06	2.60457e-13	7.79949	5.47224e+06
GCA_002853335.1	7.17355e-07	1.31092e-13	3.92546	5.47214e+06
GCA_002853375.1	3.60079e-07	6.57989e-14	1.9705	5.47241e+06
GCA_003036465.1	7.1585e-07	1.30806e-13	3.91758	5.47262e+06
GCA_003036605.1	5.37636e-07	9.82382e-14	2.94236	5.47277e+06
GCA_003036665.1	3.60056e-07	6.57903e-14	1.97051	5.47278e+06
GCA_003036705.1	5.41919e-07	9.90313e-14	2.96549	5.47219e+06
GCA_003036765.1	1.82953e-07	3.34306e-14	1.00123	5.47263e+06
GCA_003036785.1	8.92151e-07	1.63017e-13	4.88253	5.47276e+06
GCA_003036805.1	5.3769e-07	9.82481e-14	2.94265	5.47277e+06
GCA_003036815.1	5.37984e-07	9.83106e-14	2.94401	5.47229e+06
GCA_003036845.1	3.60262e-07	6.58279e-14	1.97163	5.47278e+06
GCA_003036885.1	1.82953e-07	3.34306e-14	1.00123	5.47263e+06
GCA_003036895.1	5.37611e-07	9.82337e-14	2.94222	5.47277e+06
GCA_003036925.1	1.07035e-06	1.95577e-13	5.85775	5.47275e+06
GCA_003036945.1	5.37485e-07	9.82106e-14	2.94153	5.47277e+06
GCA_003036965.1	5.37691e-07	9.82484e-14	2.94266	5.47277e+06
GCA_003037105.1	1.3099e-06	2.39373e-13	7.16807	5.47222e+06
GCA_003037145.1	5.37478e-07	9.82095e-14	2.9415	5.47277e+06
GCA_003037205.1	3.60824e-07	6.59342e-14	1.97461	5.47249e+06
GCA_003037225.1	1.82915e-07	3.34235e-14	1.00103	5.47264e+06
GCA_003037265.1	5.415e-07	9.89549e-14	2.96319	5.47219e+06
GCA_003037305.1	7.15181e-07	1.3068e-13	3.91402	5.47277e+06
GCA_003037365.1	1.82902e-07	3.34212e-14	1.00096	5.47264e+06
GCA_003037385.1	3.60262e-07	6.58279e-14	1.97163	5.47278e+06
GCA_003037435.1	7.15035e-07	1.30653e-13	3.91322	5.47277e+06
GCA_003037475.1	8.92727e-07	1.63126e-13	4.88555	5.47261e+06
GCA_003037515.1	7.20636e-07	1.31691e-13	3.94346	5.47219e+06
GCA_003037555.1	5.37471e-07	9.82082e-14	2.94146	5.47277e+06
GCA_003037585.1	8.92377e-07	1.63062e-13	4.88363	5.47261e+06
GCA_003037835.1	7.14993e-07	1.30646e-13	3.91299	5.47277e+06
GCA_003037855.1	3.63162e-07	6.63649e-14	1.98729	5.4722e+06
GCA_003037865.1	5.37448e-07	9.8204e-14	2.94133	5.47277e+06
GCA_003037915.1	8.93256e-07	1.63223e-13	4.88845	5.47262e+06
GCA_003038075.1	1.0807e-06	1.97501e-13	5.91349	5.47188e+06
GCA_003038095.1	5.38235e-07	9.83529e-14	2.94548	5.47248e+06
GCA_003038155.1	7.16053e-07	1.30843e-13	3.91869	5.47262e+06
GCA_003038235.1	5.37706e-07	9.82548e-14	2.94264	5.47257e+06
GCA_003038255.1	3.60083e-07	6.57952e-14	1.97065	5.47278e+06
GCA_003261715.1	7.15214e-07	1.30686e-13	3.9142	5.47277e+06
GCA_003261785.1	3.60183e-07	6.58135e-14	1.9712	5.47278e+06
GCA_003261855.1	5.3734e-07	9.81843e-14	2.94074	5.47277e+06
GCA_003261865.1	3.60133e-07	6.58043e-14	1.97093	5.47278e+06
GCA_003261935.1	5.37743e-07	9.82579e-14	2.94295	5.47277e+06
GCA_003262105.1	5.3756e-07	9.82244e-14	2.94194	5.47277e+06
GCA_003262145.1	3.60375e-07	6.58486e-14	1.97225	5.47278e+06
GCA_003262205.1	1.84103e-07	3.36434e-14	1.00745	5.4722e+06
GCA_003262255.1	3.60117e-07	6.58014e-14	1.97084	5.47278e+06
GCA_003262335.1	3.60057e-07	6.57906e-14	1.97051	5.47278e+06
GCA_003262365.1	7.16089e-07	1.30853e-13	3.91878	5.47248e+06
GCA_003262415.1	1.06971e-06	1.95462e-13	5.85428	5.47275e+06
GCA_003262445.1	3.6015e-07	6.58075e-14	1.97102	5.47278e+06
GCA_003262485.1	5.41488e-07	9.89527e-14	2.96313	5.47219e+06
GCA_003262505.1	5.37747e-07	9.82586e-14	2.94297	5.47277e+06
GCA_003262535.1	7.14915e-07	1.30631e-13	3.91256	5.47277e+06
GCA_003262615.1	5.37546e-07	9.82219e-14	2.94187	5.47277e+06
GCA_003262625.1	7.20456e-07	1.31658e-13	3.94247	5.47219e+06
GCA_003262655.1	3.60083e-07	6.57952e-14	1.97065	5.47278e+06
GCA_003262725.1	3.6015e-07	6.58075e-14	1.97102	5.47278e+06
GCA_003262765.1	5.37599e-07	9.82316e-14	2.94216	5.47277e+06
GCA_003262795.1	3.60183e-07	6.58135e-14	1.9712	5.47278e+06
GCA_003262805.1	3.60048e-07	6.57888e-14	1.97046	5.47278e+06
GCA_003262875.1	7.14862e-07	1.30622e-13	3.91227	5.47277e+06
GCA_003262885.1	3.6052e-07	6.58768e-14	1.97299	5.47264e+06
GCA_003262905.1	3.60539e-07	6.58803e-14	1.9731	5.47264e+06
GCA_003262915.1	3.60048e-07	6.57888e-14	1.97046	5.47278e+06
GCA_003262955.1	5.37786e-07	9.82658e-14	2.94318	5.47277e+06
GCA_003262965.1	3.59986e-07	6.57775e-14	1.97012	5.47278e+06
GCA_003262975.1	3.60436e-07	6.58616e-14	1.97253	5.47263e+06
GCA_003262995.1	3.60048e-07	6.57888e-14	1.97046	5.47278e+06
GCA_003263035.1	5.3752e-07	9.82171e-14	2.94172	5.47277e+06
GCA_003263045.1	3.60161e-07	6.58096e-14	1.97108	5.47278e+06
GCA_003263055.1	7.15325e-07	1.30706e-13	3.91481	5.47277e+06
GCA_003263115.1	3.60048e-07	6.57888e-14	1.97046	5.47278e+06
GCA_003263195.1	7.2031e-07	1.31631e-13	3.94167	5.47219e+06
GCA_003263215.1	3.60437e-07	6.58634e-14	1.97249	5.4725e+06
GCA_003263225.1	3.60097e-07	6.57978e-14	1.97073	5.47278e+06
GCA_004310745.1	5.37985e-07	9.83046e-14	2.94419	5.47263e+06
GCA_007954805.1	1.82731e-07	3.33903e-14	1.00001	5.47259e+06
GCA_007954815.1	5.37684e-07	9.82471e-14	2.94262	5.47277e+06
GCA_007954825.1	3.17132e-07	5.79539e-14	1.73539	5.47214e+06
GCA_007954845.1	3.60189e-07	6.5817e-14	1.97116	5.47258e+06
GCA_007954905.1	8.92734e-07	1.63129e-13	4.88555	5.47256e+06
GCA_007954925.2	1.06885e-06	1.95304e-13	5.84955	5.47275e+06
GCA_007954935.1	5.37747e-07	9.82728e-14	2.94254	5.47198e+06
GCA_007954945.1	4.02591e-07	7.35734e-14	2.20296	5.47196e+06
GCA_007954995.1	2.29653e-06	4.19664e-13	12.5673	5.4723e+06
GCA_007955045.1	3.60096e-07	6.58014e-14	1.97062	5.47247e+06
GCA_007955055.1	3.60284e-07	6.5832e-14	1.97175	5.47278e+06
GCA_007955095.1	7.39264e-07	1.35095e-13	4.0454	5.4722e+06
GCA_007955155.1	1.77893e-06	3.25053e-13	9.73559	5.47273e+06
GCA_009721355.1	7.26632e-07	1.32784e-13	3.97634	5.47229e+06
GCA_009721365.1	1.08674e-06	1.9863e-13	5.94571	5.47117e+06
GCA_009721455.1	5.08232e-07	9.28974e-14	2.78049	5.4709e+06
GCA_009721505.1	5.37942e-07	9.82995e-14	2.94388	5.47248e+06
GCA_009721545.1	5.37888e-07	9.82902e-14	2.94356	5.47245e+06
GCA_009721555.1	5.377e-07	9.82527e-14	2.94263	5.47262e+06
GCA_009721735.1	5.38539e-07	9.84524e-14	2.94583	5.47005e+06
GCA_009721805.1	7.14452e-07	1.30547e-13	3.91003	5.47277e+06
GCA_009721825.1	5.50207e-07	1.00561e-13	3.01039	5.47138e+06
GCA_009721875.1	1.82924e-07	3.34263e-14	1.00105	5.47247e+06
GCA_009721885.1	1.83005e-07	3.34402e-14	1.00152	5.47261e+06
GCA_009721925.1	8.8145e-07	1.6108e-13	4.82339	5.47211e+06
GCA_009721945.1	3.6548e-07	6.67855e-14	2.00007	5.47244e+06
GCA_009721965.1	1.83191e-07	3.34752e-14	1.00251	5.47246e+06
GCA_009722005.1	5.37321e-07	9.81807e-14	2.94063	5.47277e+06
GCA_009722025.1	5.83522e-07	1.06656e-13	3.19247	5.47104e+06
GCA_009722055.1	7.14804e-07	1.30615e-13	3.91185	5.47262e+06
GCA_009722105.1	3.60642e-07	6.58992e-14	1.97366	5.47263e+06
GCA_009722125.1	8.92555e-07	1.63108e-13	4.88421	5.47216e+06
GCA_009722135.1	3.6018e-07	6.58181e-14	1.97104	5.47236e+06
GCA_009722165.1	3.60113e-07	6.58029e-14	1.97075	5.47259e+06
GCA_009722205.1	1.21877e-06	2.22787e-13	6.66734	5.47055e+06
GCA_009722215.1	1.82939e-07	3.34302e-14	1.0011	5.47229e+06
GCA_009722225.1	1.82908e-07	3.34234e-14	1.00096	5.47246e+06
GCA_009722265.1	1.07069e-06	1.95645e-13	5.85945	5.4726e+06
GCA_009722315.1	5.37386e-07	9.81926e-14	2.94099	5.47277e+06
GCA_009722365.1	5.3719e-07	9.81568e-14	2.93992	5.47277e+06
GCA_009722385.1	1.82901e-07	3.34209e-14	1.00095	5.47264e+06
GCA_009724285.1	9.21525e-07	1.68401e-13	5.04278	5.47221e+06
GCA_009724305.1	3.60171e-07	6.58113e-14	1.97114	5.47278e+06
GCA_009724335.1	3.60009e-07	6.57818e-14	1.97025	5.47278e+06
GCA_009724365.1	7.51474e-07	1.3735e-13	4.1115	5.47125e+06
GCA_009724385.1	3.59993e-07	6.5781e-14	1.9701	5.4726e+06
GCA_009724585.1	5.37791e-07	9.82693e-14	2.94313	5.47262e+06
GCA_014282725.1	1.60319e-06	2.93093e-13	8.76929	5.4699e+06
GCA_014654825.1	3.60343e-07	6.58428e-14	1.97208	5.47278e+06
GCA_014654905.1	5.38504e-07	9.83995e-14	2.94703	5.47263e+06
GCA_014655965.1	7.15078e-07	1.30661e-13	3.91345	5.47277e+06
GCA_015228705.1	5.38201e-07	9.83444e-14	2.94537	5.47262e+06
GCA_015228715.1	1.82731e-07	3.33901e-14	1.00001	5.47259e+06
GCA_015391365.1	3.60053e-07	6.57933e-14	1.97039	5.47249e+06
GCA_015391385.1	1.84103e-07	3.36434e-14	1.00745	5.4722e+06
GCA_015391395.1	5.18654e-07	9.47755e-14	2.83831	5.47245e+06
GCA_015499895.1	3.63e-07	6.63353e-14	1.98641	5.4722e+06
GCA_016458365.1	3.60005e-07	6.57809e-14	1.97023	5.47278e+06
GCA_016722865.1	1.8286e-07	3.34217e-14	1.00048	5.4713e+06
GCA_016722885.1	1.82751e-07	3.33971e-14	1.00003	5.47207e+06
GCA_018383515.1	3.60741e-07	6.59172e-14	1.9742	5.47263e+06
GCA_018383565.1	3.60188e-07	6.58179e-14	1.97113	5.4725e+06
GCA_018383675.1	7.15315e-07	1.30715e-13	3.91444	5.47233e+06
GCA_018861955.1	8.92713e-07	1.63119e-13	4.8856	5.47276e+06
GCA_019445135.1	1.82731e-07	3.33903e-14	1.00001	5.47259e+06
GCA_019445175.1	1.2467e-06	2.27802e-13	6.82289	5.47275e+06
GCA_019445195.1	1.06298e-06	1.94232e-13	5.8174	5.47274e+06
GCA_019445295.1	7.15414e-07	1.30723e-13	3.9153	5.47277e+06
GCA_019445345.1	1.82727e-07	3.33893e-14	1	5.47264e+06
GCA_019445395.1	5.37382e-07	9.81919e-14	2.94097	5.47277e+06
GCA_019445405.1	5.37817e-07	9.82713e-14	2.94335	5.47277e+06
GCA_019445495.1	3.60729e-07	6.59155e-14	1.97412	5.47259e+06
GCA_019445535.1	1.82731e-07	3.33903e-14	1.00001	5.47259e+06
GCA_019445555.1	8.92231e-07	1.63031e-13	4.88297	5.47276e+06
GCA_019445595.1	3.6032e-07	6.58385e-14	1.97195	5.47278e+06
GCA_019445615.1	5.37762e-07	9.82613e-14	2.94305	5.47277e+06
GCA_019445695.1	1.06979e-06	1.95475e-13	5.85469	5.47275e+06
GCA_019445715.1	4.31059e-07	7.8777e-14	2.35871	5.47189e+06
GCA_019445725.1	1.07213e-06	1.95911e-13	5.86728	5.47254e+06
GCA_020477085.1	3.60089e-07	6.57964e-14	1.97069	5.47278e+06
GCA_020477835.1	1.82739e-07	3.33922e-14	1.00004	5.47252e+06
GCA_020481805.1	5.37379e-07	9.81914e-14	2.94096	5.47277e+06
GCA_020481835.1	3.60024e-07	6.57846e-14	1.97033	5.47278e+06
GCA_020482415.1	3.60248e-07	6.58255e-14	1.97156	5.47278e+06
GCA_020482485.1	1.82731e-07	3.33903e-14	1.00001	5.47259e+06
GCA_020482585.1	5.37706e-07	9.82511e-14	2.94274	5.47277e+06
GCA_020482645.1	3.60145e-07	6.58066e-14	1.971	5.47278e+06
GCA_020482725.1	1.82741e-07	3.33932e-14	1.00003	5.4724e+06
GCA_020482985.1	8.95624e-07	1.63715e-13	4.89962	5.47062e+06
GCA_020483205.1	7.15307e-07	1.30732e-13	3.91383	5.47154e+06
GCA_021312515.1	1.25138e-06	2.28699e-13	6.84717	5.47171e+06
GCA_021726675.1	7.20507e-07	1.31695e-13	3.9419	5.47102e+06
GCA_021726735.1	7.60193e-07	1.38937e-13	4.15939	5.47149e+06
GCA_021726755.1	5.55941e-07	1.0159e-13	3.04233	5.47239e+06
GCA_021726795.1	2.11769e-06	3.87037e-13	11.587	5.47154e+06
GCA_021726875.1	5.37622e-07	9.82358e-14	2.94228	5.47277e+06
GCA_021727185.1	5.37408e-07	9.81966e-14	2.94111	5.47277e+06
GCA_021727215.1	7.14806e-07	1.30621e-13	3.91169	5.47238e+06
GCA_021727235.1	7.14781e-07	1.30607e-13	3.91183	5.47277e+06
GCA_021727245.1	1.07121e-06	1.95756e-13	5.86183	5.47217e+06
GCA_021727285.1	3.60445e-07	6.58684e-14	1.97243	5.47221e+06
GCA_021727355.1	7.14834e-07	1.30622e-13	3.91195	5.47253e+06
GCA_021727415.1	7.21351e-07	1.31892e-13	3.94524	5.46924e+06
GCA_021727455.1	2.19767e-07	4.01763e-14	1.20214	5.47008e+06
GCA_021727495.1	5.37454e-07	9.82097e-14	2.94122	5.47251e+06
GCA_021727555.1	1.06963e-06	1.95446e-13	5.85382	5.47275e+06
GCA_021727595.1	5.38419e-07	9.83847e-14	2.94654	5.47259e+06
GCA_021727615.1	3.60131e-07	6.58081e-14	1.97079	5.47244e+06
GCA_021727635.1	3.63977e-07	6.65179e-14	1.99164	5.47187e+06
GCA_021727655.1	1.82731e-07	3.33903e-14	1.00001	5.47259e+06
GCA_021727815.1	5.55765e-07	1.01566e-13	3.04111	5.47194e+06
GCA_021727855.1	3.5685e-07	6.52188e-14	1.95254	5.47159e+06
GCA_022011535.1	7.15184e-07	1.30681e-13	3.91404	5.47277e+06
GCA_022052845.1	1.82754e-07	3.33973e-14	1.00005	5.47211e+06
GCA_022053725.1	8.92536e-07	1.63149e-13	4.88277	5.47067e+06
GCA_022053745.1	1.82864e-07	3.3422e-14	1.00052	5.47137e+06
GCA_022184565.1	8.92348e-07	1.63053e-13	4.88361	5.47276e+06
GCA_022261555.1	5.37732e-07	9.82559e-14	2.94289	5.47277e+06
GCA_022261595.1	6.35701e-07	1.16275e-13	3.47551	5.46721e+06
GCA_022261715.1	3.6121e-07	6.60114e-14	1.97651	5.47193e+06
GCA_022261755.1	3.60137e-07	6.58051e-14	1.97095	5.47278e+06
GCA_022261875.1	3.60186e-07	6.58163e-14	1.97116	5.4726e+06
GCA_022261895.1	7.14907e-07	1.3063e-13	3.91252	5.47277e+06
GCA_022261935.1	3.60155e-07	6.58222e-14	1.97063	5.47162e+06
GCA_022261975.1	1.82732e-07	3.33906e-14	1.00001	5.47254e+06
GCA_022262095.1	3.60376e-07	6.58507e-14	1.9722	5.47261e+06
GCA_022262135.1	3.60142e-07	6.5806e-14	1.97097	5.47278e+06
GCA_022262175.1	3.60243e-07	6.58246e-14	1.97153	5.47278e+06
GCA_022262655.1	3.59963e-07	6.57733e-14	1.97	5.47278e+06
GCA_022262735.1	3.60321e-07	6.58526e-14	1.97154	5.47162e+06
GCA_022262795.1	3.60277e-07	6.5838e-14	1.97149	5.47217e+06
GCA_022559085.1	7.25096e-07	1.32531e-13	3.96711	5.47115e+06
GCA_022559105.1	5.38741e-07	9.84435e-14	2.94831	5.47259e+06
GCA_022649725.1	7.15293e-07	1.307e-13	3.91463	5.47277e+06
GCA_022828525.1	5.37332e-07	9.81828e-14	2.9407	5.47277e+06
GCA_022828555.1	3.60945e-07	6.59549e-14	1.97531	5.4726e+06
GCA_022850185.1	5.37788e-07	9.82662e-14	2.94319	5.47277e+06
GCA_022850245.1	1.24708e-06	2.27871e-13	6.82494	5.47275e+06
GCA_022850485.1	3.59974e-07	6.57754e-14	1.97006	5.47278e+06
GCA_022850575.1	3.60011e-07	6.5784e-14	1.9702	5.47262e+06
GCA_022850625.1	3.60276e-07	6.58305e-14	1.97171	5.47278e+06
GCA_022850745.1	5.37511e-07	9.82154e-14	2.94167	5.47277e+06
GCA_022850785.1	8.92846e-07	1.63161e-13	4.88581	5.47217e+06
GCA_022850845.1	3.60134e-07	6.58046e-14	1.97093	5.47278e+06
GCA_022850865.1	1.89308e-07	3.4596e-14	1.03588	5.47196e+06
GCA_022851025.1	1.82906e-07	3.3422e-14	1.00098	5.47264e+06
GCA_022851085.1	4.78239e-07	8.74021e-14	2.61678	5.47171e+06
GCA_022851125.1	1.82727e-07	3.33893e-14	1	5.47264e+06
GCA_022851145.1	7.14815e-07	1.30613e-13	3.91201	5.47277e+06
GCA_022851205.1	1.83005e-07	3.34403e-14	1.00152	5.47261e+06
GCA_022851235.1	3.60096e-07	6.57976e-14	1.97073	5.47278e+06
GCA_022851345.1	1.06993e-06	1.95501e-13	5.85547	5.47275e+06
GCA_022851365.1	1.06989e-06	1.95494e-13	5.85524	5.47275e+06
GCA_022851445.1	5.37388e-07	9.81929e-14	2.941	5.47277e+06
GCA_022851515.1	1.82761e-07	3.33966e-14	1.00015	5.47244e+06
GCA_022851665.1	3.60048e-07	6.57888e-14	1.97046	5.47278e+06
GCA_022851785.1	2.56651e-07	4.69017e-14	1.40442	5.47211e+06
GCA_022851815.1	3.60272e-07	6.58298e-14	1.97169	5.47278e+06
GCA_022854875.1	1.62533e-06	2.97185e-13	8.88908	5.46909e+06
GCA_022854975.1	8.92387e-07	1.6306e-13	4.88382	5.47276e+06
GCA_022855045.1	1.24752e-06	2.27951e-13	6.82734	5.47275e+06
GCA_022855225.1	3.60301e-07	6.58412e-14	1.97167	5.47227e+06
GCA_022855305.1	5.37736e-07	9.82566e-14	2.94291	5.47277e+06
GCA_022855405.1	5.37537e-07	9.82202e-14	2.94182	5.47277e+06
GCA_022855535.1	1.42528e-06	2.60432e-13	7.80017	5.47274e+06
GCA_022856185.1	1.82917e-07	3.3424e-14	1.00104	5.47263e+06
GCA_022856235.1	8.93376e-07	1.63245e-13	4.8891	5.47262e+06
GCA_022856265.1	9.32665e-07	1.70468e-13	5.1028	5.47121e+06
GCA_022856545.1	5.61078e-07	1.02539e-13	3.07015	5.47187e+06
GCA_022856745.1	1.42673e-06	2.60705e-13	7.80794	5.4726e+06
GCA_022856775.1	7.15151e-07	1.30674e-13	3.91385	5.47277e+06
GCA_022856865.1	7.13607e-07	1.3042e-13	3.90459	5.47162e+06
GCA_022856875.1	7.15172e-07	1.30678e-13	3.91397	5.47277e+06
GCA_022857585.1	7.14832e-07	1.30616e-13	3.91211	5.47277e+06
GCA_022857775.1	1.08289e-06	1.98004e-13	5.92235	5.46902e+06
GCA_022857825.1	2.0028e-07	3.66133e-14	1.09556	5.47014e+06
GCA_022857865.1	5.86601e-07	1.07205e-13	3.20974	5.47176e+06
GCA_022858455.1	2.13602e-06	3.90314e-13	11.6895	5.47257e+06
GCA_022858785.1	1.24958e-06	2.28663e-13	6.82861	5.46473e+06
GCA_022859085.1	1.42473e-06	2.60332e-13	7.79719	5.47274e+06
GCA_022859165.1	1.82801e-07	3.34044e-14	1.00036	5.47237e+06
GCA_022859345.1	7.14727e-07	1.30597e-13	3.91153	5.47277e+06
GCA_022859385.1	5.37602e-07	9.82322e-14	2.94218	5.47277e+06
GCA_022859465.1	1.06995e-06	1.95505e-13	5.85557	5.47275e+06
GCA_022859505.1	5.37585e-07	9.8229e-14	2.94208	5.47277e+06
GCA_022859965.1	3.60182e-07	6.58133e-14	1.97119	5.47278e+06
GCA_022860085.1	5.37377e-07	9.8191e-14	2.94094	5.47277e+06
GCA_022860465.1	8.92524e-07	1.63085e-13	4.88457	5.47276e+06
GCA_022860645.1	7.14805e-07	1.30611e-13	3.91196	5.47277e+06
GCA_022860665.1	3.60103e-07	6.58009e-14	1.97071	5.47262e+06
GCA_022860685.1	5.37969e-07	9.82991e-14	2.94418	5.47277e+06
GCA_022861005.1	2.04722e-07	3.7431e-14	1.11969	5.46933e+06
GCA_022861025.1	1.06987e-06	1.9549e-13	5.85514	5.47275e+06
GCA_022861065.1	7.15059e-07	1.30658e-13	3.91335	5.47277e+06
GCA_022861295.1	8.92878e-07	1.6315e-13	4.88651	5.47276e+06
GCA_022861365.1	1.42484e-06	2.60352e-13	7.79779	5.47274e+06
GCA_022861485.1	3.59975e-07	6.57755e-14	1.97006	5.47278e+06
GCA_022861855.1	5.37715e-07	9.82528e-14	2.94279	5.47277e+06
GCA_022862105.1	3.60271e-07	6.58324e-14	1.9716	5.47255e+06
GCA_022862125.1	5.37443e-07	9.82031e-14	2.94131	5.47277e+06
GCA_022862175.1	3.603e-07	6.5835e-14	1.97184	5.47278e+06
GCA_022862385.1	1.82729e-07	3.33897e-14	1	5.4726e+06
GCA_022862395.1	3.60352e-07	6.58444e-14	1.97212	5.47278e+06
GCA_022862425.1	1.07071e-06	1.95648e-13	5.85955	5.47261e+06
GCA_022862665.1	3.60106e-07	6.57995e-14	1.97078	5.47278e+06
GCA_022862765.1	5.37598e-07	9.82314e-14	2.94215	5.47277e+06
GCA_022862785.1	8.927e-07	1.63117e-13	4.88553	5.47276e+06
GCA_022862875.1	3.60082e-07	6.57951e-14	1.97065	5.47278e+06
GCA_022862885.1	8.92394e-07	1.63061e-13	4.88386	5.47276e+06
GCA_022862905.1	5.37531e-07	9.8219e-14	2.94178	5.47277e+06
GCA_022862965.1	1.77944e-06	3.25147e-13	9.73839	5.47273e+06
GCA_022863095.1	3.60048e-07	6.57889e-14	1.97046	5.47278e+06
GCA_022863145.1	3.60165e-07	6.58103e-14	1.9711	5.47278e+06
GCA_023806175.1	5.37336e-07	9.81834e-14	2.94072	5.47277e+06
GCA_023887825.1	6.71722e-07	1.22775e-13	3.67511	5.47118e+06
GCA_023889225.1	3.60411e-07	6.58552e-14	1.97245	5.47278e+06
GCA_023889265.1	3.60295e-07	6.58341e-14	1.97182	5.47278e+06
GCA_023889285.1	3.60092e-07	6.57969e-14	1.9707	5.47278e+06
GCA_023889305.1	5.37403e-07	9.81957e-14	2.94108	5.47277e+06
GCA_023889325.1	1.82908e-07	3.34223e-14	1.00099	5.47264e+06
GCA_023892905.1	7.93365e-07	1.45016e-13	4.34042	5.4709e+06
GCA_023893045.1	4.08161e-07	7.45993e-14	2.2332	5.47138e+06
GCA_023893095.1	5.37574e-07	9.82298e-14	2.94193	5.47261e+06
GCA_023893435.1	1.82928e-07	3.34259e-14	1.0011	5.47263e+06
GCA_024582295.1	3.601e-07	6.57984e-14	1.97075	5.47278e+06
GCA_024582355.1	3.60262e-07	6.58279e-14	1.97163	5.47278e+06
GCA_024623465.1	2.48907e-06	4.54816e-13	13.622	5.4727e+06
GCA_024756785.1	1.8295e-07	3.343e-14	1.00122	5.47263e+06
GCA_024756795.1	3.60048e-07	6.57888e-14	1.97046	5.47278e+06
GCA_025572335.1	3.60095e-07	6.57974e-14	1.97072	5.47278e+06
GCA_025572355.1	3.60598e-07	6.58911e-14	1.97342	5.47263e+06
GCA_025572385.1	5.37243e-07	9.81664e-14	2.94021	5.47277e+06
GCA_025572445.1	1.82728e-07	3.33895e-14	1	5.47263e+06
GCA_025572455.1	1.07237e-06	1.96008e-13	5.86696	5.47104e+06
GCA_025572465.1	1.06948e-06	1.95426e-13	5.85282	5.47257e+06
GCA_025572505.1	8.92745e-07	1.63181e-13	4.88409	5.47088e+06
GCA_025572525.1	7.15693e-07	1.30785e-13	3.91647	5.47227e+06
GCA_025572565.1	7.14732e-07	1.30603e-13	3.91141	5.47256e+06
GCA_025572585.1	7.14539e-07	1.3057e-13	3.91028	5.47245e+06
GCA_025572635.1	5.37393e-07	9.81939e-14	2.94103	5.47277e+06
GCA_025762465.1	1.24779e-06	2.28001e-13	6.82886	5.47275e+06
GCA_026153685.1	1.42422e-06	2.60262e-13	7.79368	5.47225e+06
GCA_026153785.1	3.60598e-07	6.58911e-14	1.97342	5.47263e+06
GCA_026153925.1	1.78111e-06	3.25461e-13	9.74727	5.47257e+06
GCA_026153955.1	3.60095e-07	6.57974e-14	1.97072	5.47278e+06
GCA_026154015.1	5.37412e-07	9.82006e-14	2.94104	5.47259e+06
GCA_026154085.1	5.37352e-07	9.81902e-14	2.94069	5.47256e+06
GCA_026156535.1	2.73223e-06	5.01901e-13	14.8736	5.44376e+06
GCA_026161645.1	3.15803e-07	5.77125e-14	1.72808	5.47201e+06
GCA_026161685.1	5.3827e-07	9.83725e-14	2.94528	5.47176e+06
GCA_026161885.1	1.83005e-07	3.34402e-14	1.00152	5.47261e+06
GCA_026161905.1	7.67236e-07	1.40257e-13	4.19695	5.47022e+06
GCA_026161925.1	7.67577e-07	1.40319e-13	4.19881	5.47022e+06
GCA_026162015.1	3.6171e-07	6.61289e-14	1.97847	5.46977e+06
GCA_026162045.1	3.6005e-07	6.57892e-14	1.97047	5.47278e+06
GCA_026162085.1	1.82739e-07	3.3393e-14	1.00002	5.47238e+06
GCA_026162115.1	5.3995e-07	9.87136e-14	2.95346	5.46987e+06
GCA_026162145.1	7.16366e-07	1.30973e-13	3.91821	5.46957e+06
GCA_026163915.1	1.82728e-07	3.33894e-14	1	5.47263e+06
GCA_026163975.1	1.42423e-06	2.6026e-13	7.79384	5.47233e+06
GCA_026164015.1	5.66729e-07	1.03623e-13	3.09951	5.46913e+06
GCA_026164045.1	8.95377e-07	1.63628e-13	4.89952	5.47202e+06
GCA_026164235.1	1.82728e-07	3.33895e-14	1	5.47263e+06
GCA_026164275.1	3.60085e-07	6.57975e-14	1.97061	5.47262e+06
GCA_026164325.1	7.15683e-07	1.30784e-13	3.91639	5.47225e+06
GCA_028225725.1	8.92101e-07	1.63013e-13	4.88211	5.47259e+06
GCA_028226215.1	5.38168e-07	9.83423e-14	2.94507	5.4724e+06
GCA_029457325.1	8.92079e-07	1.63003e-13	4.88213	5.47276e+06
GCA_029457335.1	5.08477e-07	9.29153e-14	2.78263	5.47248e+06
GCA_029457375.1	3.65879e-07	6.68613e-14	2.00217	5.47221e+06
GCA_029523635.1	2.31335e-06	4.22969e-13	12.6524	5.46931e+06
GCA_030282885.1	3.60667e-07	6.59058e-14	1.97374	5.47246e+06
GCA_030730785.1	2.84716e-06	5.20263e-13	15.5812	5.47254e+06
GCA_033110165.1	1.07002e-06	1.95517e-13	5.85595	5.47275e+06
GCA_033110185.1	3.60096e-07	6.57976e-14	1.97073	5.47278e+06
GCA_033110225.1	7.15004e-07	1.30648e-13	3.91305	5.47277e+06
GCA_033110245.1	5.37658e-07	9.82424e-14	2.94248	5.47277e+06
GCA_033110325.1	3.60043e-07	6.57879e-14	1.97043	5.47278e+06
GCA_033110345.1	5.37322e-07	9.81809e-14	2.94064	5.47277e+06
GCA_033110385.1	3.60142e-07	6.58061e-14	1.97098	5.47278e+06
GCA_033110645.1	1.95809e-06	3.57813e-13	10.7154	5.47239e+06
GCA_033110745.1	5.37544e-07	9.82215e-14	2.94186	5.47277e+06
GCA_033110865.1	7.14781e-07	1.30607e-13	3.91183	5.47277e+06
GCA_033111575.1	3.60089e-07	6.57964e-14	1.97069	5.47278e+06
GCA_033111615.1	8.93971e-07	1.63358e-13	4.89223	5.47247e+06
GCA_033111695.1	8.96263e-07	1.64471e-13	4.88407	5.44938e+06
GCA_033111785.1	1.24713e-06	2.27881e-13	6.82524	5.47275e+06
GCA_033111805.1	7.1486e-07	1.30621e-13	3.91226	5.47277e+06
GCA_033111885.1	7.20504e-07	1.32044e-13	3.93147	5.45655e+06
GCA_033112125.1	7.15071e-07	1.3066e-13	3.91342	5.47277e+06
GCA_033112525.1	7.15669e-07	1.30773e-13	3.91659	5.47263e+06
GCA_033112605.1	7.16731e-07	1.30976e-13	3.92213	5.47225e+06
GCA_033112745.1	1.42512e-06	2.60404e-13	7.79933	5.47274e+06
GCA_033113945.1	5.39728e-07	9.89314e-14	2.94453	5.45558e+06
GCA_033113985.1	3.60234e-07	6.58246e-14	1.97143	5.47263e+06
GCA_033114915.1	1.24799e-06	2.28043e-13	6.82974	5.4726e+06
GCA_033115055.1	8.91974e-07	1.62989e-13	4.88141	5.47259e+06
GCA_033115155.1	8.92219e-07	1.63029e-13	4.8829	5.47276e+06
GCA_033115185.1	8.92472e-07	1.63075e-13	4.88429	5.47276e+06
GCA_033116535.1	1.06978e-06	1.95473e-13	5.85463	5.47275e+06
GCA_033116575.1	1.95691e-06	3.57574e-13	10.7096	5.47272e+06
GCA_033116595.1	5.3745e-07	9.82043e-14	2.94134	5.47277e+06
GCA_033116605.1	3.63994e-07	6.65136e-14	1.99195	5.47247e+06
GCA_033116835.1	3.6045e-07	6.58624e-14	1.97267	5.47278e+06
GCA_033116875.1	3.6019e-07	6.58149e-14	1.97124	5.47278e+06
GCA_033117055.1	5.37595e-07	9.82308e-14	2.94214	5.47277e+06
GCA_033117875.1	7.15077e-07	1.30719e-13	3.91171	5.47033e+06
GCA_033118075.1	3.60182e-07	6.58134e-14	1.9712	5.47278e+06
GCA_033118095.1	3.60061e-07	6.57912e-14	1.97053	5.47278e+06
GCA_033118135.1	8.9247e-07	1.63075e-13	4.88428	5.47276e+06
GCA_033118155.1	7.15021e-07	1.30651e-13	3.91315	5.47277e+06
GCA_033118375.1	1.8277e-07	3.33981e-14	1.0002	5.47245e+06
GCA_033118665.1	5.37432e-07	9.82011e-14	2.94124	5.47277e+06
GCA_033119045.1	3.61408e-07	6.6048e-14	1.97759	5.47191e+06
GCA_033119365.1	5.37532e-07	9.82194e-14	2.94179	5.47277e+06
GCA_033119865.1	1.06953e-06	1.95427e-13	5.85325	5.47275e+06
GCA_033120185.1	3.60063e-07	6.57917e-14	1.97055	5.47278e+06
GCA_033120325.1	3.60095e-07	6.57974e-14	1.97072	5.47278e+06
GCA_033120365.1	5.37454e-07	9.82051e-14	2.94136	5.47277e+06
GCA_033120405.1	5.37513e-07	9.82158e-14	2.94168	5.47277e+06
GCA_033120585.1	1.42492e-06	2.60367e-13	7.79823	5.47274e+06
GCA_033124985.1	1.82904e-07	3.34216e-14	1.00097	5.47264e+06
GCA_034082005.1	1.42657e-06	2.60781e-13	7.80393	5.4704e+06
GCA_034082405.1	3.60199e-07	6.58165e-14	1.97129	5.47278e+06
GCA_034361105.1	5.38049e-07	9.83223e-14	2.94437	5.4723e+06
GCA_034361225.1	7.212e-07	1.31797e-13	3.94644	5.47205e+06
GCA_034361365.1	3.60146e-07	6.58067e-14	1.971	5.47278e+06
GCA_034361485.1	7.14949e-07	1.30638e-13	3.91275	5.47277e+06
GCA_034361565.1	7.15961e-07	1.30826e-13	3.91817	5.47261e+06
GCA_034361655.1	3.76385e-07	6.89445e-14	2.05478	5.45925e+06
GCA_034361885.1	1.43095e-06	2.62274e-13	7.80714	5.45592e+06
GCA_034361945.1	3.59998e-07	6.57797e-14	1.97019	5.47278e+06
GCA_034362065.1	3.60317e-07	6.58398e-14	1.97188	5.47263e+06
GCA_034362405.1	3.60032e-07	6.5786e-14	1.97038	5.47278e+06
GCA_034362645.1	3.60408e-07	6.58564e-14	1.97238	5.47263e+06
GCA_034362665.1	1.82727e-07	3.33892e-14	1	5.47264e+06
GCA_034362715.1	1.06954e-06	1.95434e-13	5.85315	5.47261e+06
GCA_034362775.1	8.92668e-07	1.6312e-13	4.88509	5.47247e+06
GCA_034362825.1	5.37486e-07	9.8211e-14	2.94154	5.47277e+06
GCA_034362875.1	5.3789e-07	9.82873e-14	2.94367	5.47263e+06
GCA_034363015.1	7.15314e-07	1.30704e-13	3.91475	5.47277e+06
GCA_034363055.1	3.60352e-07	6.58445e-14	1.97213	5.47278e+06
GCA_034363075.1	3.60361e-07	6.58461e-14	1.97218	5.47278e+06
GCA_034363095.1	7.1505e-07	1.30659e-13	3.9132	5.47262e+06
GCA_034363175.1	5.37722e-07	9.8254e-14	2.94283	5.47277e+06
GCA_034363255.1	1.2481e-06	2.28056e-13	6.83051	5.47275e+06
GCA_034363405.1	7.15485e-07	1.30736e-13	3.91568	5.47277e+06
GCA_034363465.1	3.59965e-07	6.57754e-14	1.96995	5.47263e+06
GCA_034363825.1	1.24859e-06	2.28154e-13	6.83304	5.47259e+06
GCA_034363845.1	1.82727e-07	3.33892e-14	1	5.47264e+06
GCA_034363965.1	3.60182e-07	6.58133e-14	1.9712	5.47278e+06
GCA_034363985.1	3.61127e-07	6.59937e-14	1.97614	5.47215e+06
GCA_034363995.1	5.37333e-07	9.8183e-14	2.9407	5.47277e+06
GCA_034364045.1	1.07014e-06	1.9554e-13	5.85662	5.47275e+06
GCA_034364065.1	3.60066e-07	6.57921e-14	1.97056	5.47278e+06
GCA_034364125.1	7.1524e-07	1.30694e-13	3.91424	5.47262e+06
GCA_034364145.1	5.3729e-07	9.81751e-14	2.94047	5.47277e+06
GCA_034364225.1	3.60152e-07	6.58096e-14	1.97098	5.47263e+06
GCA_034364325.1	5.3736e-07	9.81905e-14	2.94077	5.47263e+06
GCA_034364365.1	5.37927e-07	9.82914e-14	2.94395	5.47277e+06
GCA_034364385.1	5.37905e-07	9.82874e-14	2.94383	5.47277e+06
GCA_034364405.1	5.37658e-07	9.82424e-14	2.94248	5.47277e+06
GCA_034364445.1	7.15174e-07	1.30679e-13	3.91398	5.47277e+06
GCA_034364465.1	3.60422e-07	6.58571e-14	1.97251	5.47278e+06
GCA_034364665.1	7.14987e-07	1.30645e-13	3.91296	5.47277e+06
GCA_034390135.1	1.0701e-06	1.95547e-13	5.8559	5.47232e+06
GCA_034390215.1	1.07274e-06	1.96089e-13	5.86866	5.47069e+06
GCA_034390255.1	1.82728e-07	3.33895e-14	1	5.47262e+06
GCA_034390285.1	5.44241e-07	9.94762e-14	2.97757	5.47106e+06
GCA_034390415.1	9.04038e-07	1.65235e-13	4.94621	5.47124e+06
GCA_034390495.1	1.82938e-07	3.34304e-14	1.00108	5.47222e+06
GCA_034390515.1	8.92739e-07	1.63124e-13	4.88575	5.47276e+06
GCA_034390615.1	7.17399e-07	1.3115e-13	3.92423	5.47008e+06
GCA_034390655.1	7.94093e-07	1.45124e-13	4.34514	5.47183e+06
GCA_034390855.1	8.9279e-07	1.6314e-13	4.88583	5.47254e+06
GCA_034390875.1	8.92237e-07	1.63032e-13	4.883	5.47276e+06
GCA_034390935.1	3.6091e-07	6.59485e-14	1.97512	5.4726e+06
GCA_034390975.1	3.60866e-07	6.59672e-14	1.97407	5.47038e+06
GCA_034390995.1	1.24888e-06	2.28207e-13	6.83462	5.47259e+06
GCA_034391015.1	5.37871e-07	9.82842e-14	2.94356	5.47261e+06
GCA_034391095.1	8.92417e-07	1.63065e-13	4.88398	5.47276e+06
GCA_034391175.1	5.37983e-07	9.83016e-14	2.94426	5.47277e+06
GCA_034391255.1	3.6005e-07	6.57892e-14	1.97047	5.47278e+06
GCA_034391335.1	1.42492e-06	2.60366e-13	7.7982	5.47274e+06
GCA_034391395.1	5.37941e-07	9.82966e-14	2.94395	5.47263e+06
GCA_034391495.1	3.6091e-07	6.59485e-14	1.97512	5.4726e+06
GCA_034391535.1	8.92504e-07	1.63081e-13	4.88446	5.47276e+06
GCA_034391655.1	1.96048e-06	3.58239e-13	10.7288	5.47255e+06
GCA_034391735.1	8.92896e-07	1.63153e-13	4.88661	5.47276e+06
GCA_034391795.1	3.60155e-07	6.58084e-14	1.97105	5.47278e+06
GCA_034391985.1	5.38526e-07	9.84069e-14	2.94705	5.47244e+06
GCA_034393075.1	1.82728e-07	3.33894e-14	1	5.47263e+06
GCA_034393195.1	5.38294e-07	9.8364e-14	2.9458	5.47247e+06
GCA_034393255.1	3.60081e-07	6.57949e-14	1.97064	5.47278e+06
GCA_034393315.1	1.06956e-06	1.95439e-13	5.85328	5.47261e+06
GCA_034393355.1	5.37704e-07	9.82507e-14	2.94273	5.47277e+06
GCA_034393415.1	3.60091e-07	6.57967e-14	1.9707	5.47278e+06
GCA_034393475.1	5.37881e-07	9.8283e-14	2.9437	5.47277e+06
GCA_034393515.1	1.07347e-06	1.96156e-13	5.87464	5.47254e+06
GCA_034393535.1	3.60262e-07	6.58279e-14	1.97163	5.47278e+06
GCA_034394235.1	7.15257e-07	1.3072e-13	3.91365	5.47168e+06
GCA_034394245.1	5.37857e-07	9.82846e-14	2.94339	5.47244e+06
GCA_034395715.1	1.82727e-07	3.33893e-14	1	5.47264e+06
GCA_034395755.1	8.93014e-07	1.63174e-13	4.88725	5.47276e+06
GCA_034396175.1	3.60574e-07	6.58869e-14	1.97328	5.47262e+06
GCA_034396375.1	7.16082e-07	1.30848e-13	3.91883	5.47261e+06
GCA_034396785.1	7.14833e-07	1.30627e-13	3.91179	5.47231e+06
GCA_034396855.1	1.82963e-07	3.34363e-14	1.00118	5.472e+06
GCA_034396875.1	1.07218e-06	1.95995e-13	5.86533	5.47046e+06
GCA_034396935.1	5.37684e-07	9.82532e-14	2.94243	5.47243e+06
GCA_034396995.1	5.37768e-07	9.82796e-14	2.94257	5.47182e+06
GCA_034397095.1	1.82791e-07	3.34106e-14	1.00006	5.47105e+06
GCA_034397135.1	5.95538e-07	1.08863e-13	3.25792	5.47055e+06
GCA_034397155.1	1.07392e-06	1.96311e-13	5.87483	5.47048e+06
GCA_034397215.1	3.60853e-07	6.59576e-14	1.97422	5.47098e+06
GCA_034397955.1	1.9567e-06	3.57536e-13	10.7084	5.47272e+06
GCA_034554935.1	5.37465e-07	9.82099e-14	2.94134	5.47261e+06
GCA_034554955.1	1.11109e-06	2.03479e-13	6.06705	5.46046e+06
GCA_036577405.1	7.15456e-07	1.30748e-13	3.91499	5.47202e+06
GCA_039041665.1	5.37503e-07	9.82141e-14	2.94163	5.47277e+06
GCA_039042515.1	7.15014e-07	1.30649e-13	3.9131	5.47277e+06
GCA_039042995.1	1.36181e-06	2.48863e-13	7.45198	5.47212e+06
GCA_039613155.1	5.38121e-07	9.83425e-14	2.94455	5.47191e+06
GCA_039613175.1	3.60007e-07	6.57813e-14	1.97024	5.47278e+06
GCA_039613185.1	6.80848e-07	1.24417e-13	3.72582	5.47232e+06
GCA_039613215.1	2.97359e-07	5.43385e-14	1.62725	5.47235e+06
GCA_039613225.1	5.37929e-07	9.82948e-14	2.94387	5.47261e+06
GCA_039613255.1	1.82743e-07	3.33937e-14	1.00004	5.47238e+06
GCA_039613315.1	1.57618e-06	2.88043e-13	8.62495	5.47204e+06
GCA_041198025.1	3.5997e-07	6.57746e-14	1.97003	5.47278e+06
GCA_041198155.1	5.37632e-07	9.82375e-14	2.94234	5.47277e+06
GCA_041198275.1	1.82897e-07	3.34203e-14	1.00093	5.47264e+06
GCA_041198315.1	5.37581e-07	9.82283e-14	2.94206	5.47277e+06
GCA_041345885.1	3.60107e-07	6.58025e-14	1.97071	5.47255e+06
GCA_041345905.1	7.14822e-07	1.3062e-13	3.91189	5.47254e+06
GCA_041345935.1	1.24679e-06	2.27828e-13	6.82309	5.47252e+06
GCA_041346085.1	7.22155e-07	1.32046e-13	3.94945	5.46897e+06
GCA_041346125.1	4.73263e-07	8.64833e-14	2.58984	5.47231e+06
GCA_041346165.1	5.3758e-07	9.82311e-14	2.94196	5.47261e+06
GCA_041346185.1	1.84599e-07	3.37323e-14	1.01021	5.47248e+06
GCA_041346245.1	7.15315e-07	1.3073e-13	3.91398	5.47168e+06
GCA_041346305.1	2.13452e-06	3.9005e-13	11.681	5.47241e+06
GCA_041346425.1	3.60401e-07	6.58691e-14	1.97193	5.47147e+06
GCA_041346545.1	5.3734e-07	9.81841e-14	2.94074	5.47277e+06
GCA_041346585.1	1.83005e-07	3.34403e-14	1.00152	5.47261e+06
GCA_041346625.1	5.37236e-07	9.81652e-14	2.94017	5.47277e+06
GCA_041346645.1	1.83173e-07	3.3472e-14	1.0024	5.47241e+06
GCA_041346735.1	3.61721e-07	6.61116e-14	1.97911	5.47137e+06
GCA_041346755.1	1.82738e-07	3.33927e-14	1.00002	5.47241e+06
GCA_041346855.1	3.60061e-07	6.57957e-14	1.9704	5.47241e+06
GCA_041385495.1	7.14872e-07	1.30624e-13	3.91233	5.47277e+06
GCA_041385565.1	8.92417e-07	1.63065e-13	4.88398	5.47276e+06
GCA_041385705.1	5.37425e-07	9.81998e-14	2.94121	5.47277e+06
GCA_041385715.1	7.15067e-07	1.30659e-13	3.91339	5.47277e+06
GCA_041385805.1	5.37587e-07	9.82294e-14	2.94209	5.47277e+06
GCA_041385825.1	3.6013e-07	6.58039e-14	1.97091	5.47278e+06
GCA_041385835.1	8.92439e-07	1.63069e-13	4.8841	5.47276e+06
GCA_041385875.1	1.82953e-07	3.34306e-14	1.00123	5.47263e+06
GCA_041385925.1	5.3737e-07	9.81897e-14	2.9409	5.47277e+06
GCA_041385955.1	3.60048e-07	6.57888e-14	1.97046	5.47278e+06
GCA_041385965.1	8.92418e-07	1.63065e-13	4.88399	5.47276e+06
GCA_041386005.1	3.60155e-07	6.58126e-14	1.97092	5.47243e+06
GCA_041386235.1	5.37617e-07	9.82348e-14	2.94225	5.47277e+06
GCA_041386275.1	5.3843e-07	9.83863e-14	2.94662	5.47261e+06
GCA_041388025.1	1.06986e-06	1.95489e-13	5.8551	5.47275e+06
GCA_041388195.1	3.60117e-07	6.58016e-14	1.97084	5.47278e+06
GCA_041388315.1	8.92713e-07	1.63119e-13	4.8856	5.47276e+06
GCA_041388375.1	1.06979e-06	1.95475e-13	5.85469	5.47275e+06
GCA_041388415.1	1.06952e-06	1.95427e-13	5.85325	5.47275e+06
GCA_041388435.1	1.86443e-06	3.40723e-13	10.2021	5.47196e+06
GCA_041388455.1	2.35664e-06	4.30643e-13	12.8965	5.47238e+06
GCA_041388475.1	7.55622e-07	1.38083e-13	4.13493	5.47221e+06
GCA_041388535.1	1.60407e-06	2.9311e-13	8.77839	5.47258e+06
GCA_041388605.1	1.07153e-06	1.95799e-13	5.86402	5.47259e+06
GCA_041388625.1	1.06923e-06	1.9539e-13	5.85107	5.47225e+06
GCA_041388665.1	1.2477e-06	2.27984e-13	6.82835	5.47275e+06
GCA_041388685.1	5.37785e-07	9.82685e-14	2.94309	5.47261e+06
GCA_041388705.1	7.20136e-07	1.31619e-13	3.94013	5.47137e+06
GCA_041388725.1	8.92988e-07	1.6319e-13	4.8865	5.47208e+06
GCA_041388735.1	2.13786e-06	3.90691e-13	11.6984	5.47201e+06
GCA_041388785.1	1.32612e-06	2.42345e-13	7.2566	5.47205e+06
GCA_041388965.1	5.37602e-07	9.82348e-14	2.9421	5.47263e+06
GCA_041730255.1	1.42463e-06	2.60314e-13	7.79665	5.47274e+06
GCA_042973135.1	1.83469e-07	3.35446e-14	1.00347	5.46942e+06
GCA_042973165.1	7.14928e-07	1.30641e-13	3.91241	5.47245e+06
GCA_042973255.1	3.60078e-07	6.57943e-14	1.97063	5.47278e+06
GCA_043359875.1	1.8872e-06	3.44906e-13	10.3261	5.47163e+06
GCA_044429155.1	1.06979e-06	1.95475e-13	5.85468	5.47275e+06
GCA_044429355.1	5.3743e-07	9.82064e-14	2.94106	5.47245e+06
GCA_044429485.1	3.602e-07	6.58185e-14	1.97124	5.47262e+06
GCA_044429785.1	3.61608e-07	6.60883e-14	1.97857	5.47159e+06
GCA_044429805.1	1.77961e-06	3.25187e-13	9.73904	5.47257e+06
GCA_044430025.1	5.3813e-07	9.83314e-14	2.94498	5.47262e+06
GCA_044430105.1	7.15606e-07	1.30761e-13	3.91624	5.47262e+06
GCA_044951825.1	3.60185e-07	6.58138e-14	1.97121	5.47278e+06
GCA_045154515.1	3.60069e-07	6.57928e-14	1.97058	5.47278e+06
GCA_045181045.1	5.37698e-07	9.82497e-14	2.9427	5.47277e+06
GCA_045181075.1	3.60251e-07	6.5826e-14	1.97158	5.47278e+06
GCA_045181125.1	5.37741e-07	9.83038e-14	2.94155	5.47019e+06
GCA_045181185.1	3.60069e-07	6.57928e-14	1.97058	5.47278e+06
GCA_045181225.1	3.60091e-07	6.57967e-14	1.9707	5.47278e+06
GCA_045181245.1	3.60206e-07	6.58178e-14	1.97133	5.47278e+06
GCA_045181265.1	3.60208e-07	6.58181e-14	1.97134	5.47278e+06
GCA_045181365.1	5.37568e-07	9.82259e-14	2.94199	5.47277e+06
GCA_045181385.1	8.92096e-07	1.63007e-13	4.88223	5.47276e+06
GCA_045181425.1	5.37388e-07	9.81929e-14	2.941	5.47277e+06
GCA_045181445.1	3.60457e-07	6.58654e-14	1.97265	5.47263e+06
GCA_045181675.1	1.83672e-07	3.36185e-14	1.00348	5.46342e+06
GCA_045181775.1	3.60069e-07	6.57928e-14	1.97058	5.47278e+06
GCA_045181795.1	1.82903e-07	3.34213e-14	1.00096	5.47264e+06
GCA_045181935.1	7.15078e-07	1.30661e-13	3.91345	5.47277e+06
GCA_045182045.1	5.37708e-07	9.82639e-14	2.94239	5.47208e+06
GCA_046196535.1	3.60095e-07	6.57975e-14	1.97072	5.47278e+06
GCA_046196575.1	5.37617e-07	9.82349e-14	2.94226	5.47277e+06
GCA_046254915.1	5.37394e-07	9.81941e-14	2.94104	5.47277e+06
GD3266	3.60251e-07	6.5826e-14	1.97158	5.47278e+06
GD3676	3.61954e-07	6.61402e-14	1.9808	5.47252e+06
GD3807	3.6001e-07	6.5782e-14	1.97026	5.47278e+06
GD3830	3.60082e-07	6.57951e-14	1.97065	5.47278e+06
GD3874	3.61534e-07	6.60631e-14	1.97852	5.47256e+06
GD3918	3.60169e-07	6.58111e-14	1.97113	5.47278e+06
GD3928	3.60251e-07	6.5826e-14	1.97158	5.47278e+06
GD3930	5.37559e-07	9.82243e-14	2.94194	5.47277e+06
GD3934	5.40544e-07	9.87744e-14	2.95813	5.47251e+06
GD3974	5.37539e-07	9.82206e-14	2.94183	5.47277e+06
GD3979	1.83674e-07	3.35629e-14	1.00516	5.47252e+06
GD4039	1.83663e-07	3.36146e-14	1.0035	5.46379e+06
GD4157	3.60251e-07	6.5826e-14	1.97158	5.47278e+06
GD4210	3.60251e-07	6.5826e-14	1.97158	5.47278e+06
GD4223	5.37549e-07	9.82224e-14	2.94188	5.47277e+06
GD4239	7.15089e-07	1.30663e-13	3.91352	5.47277e+06
GD5050	5.37518e-07	9.82168e-14	2.94171	5.47277e+06
GD5205	3.60251e-07	6.5826e-14	1.97158	5.47278e+06
GD5233	3.60581e-07	6.5888e-14	1.97333	5.47263e+06
Reference	1.78131e-06	3.25496e-13	9.74835	5.47259e+06
NODE_839	1.77964e-06	3.25184e-13	9.73949	5.47273e+06
NODE_840	1.82728e-07	3.33894e-14	1	5.47263e+06
NODE_843	2.8463e-06	5.20106e-13	15.5765	5.47254e+06
NODE_844	1.7794e-06	3.25139e-13	9.73815	5.47273e+06
NODE_845	1.78072e-06	3.25405e-13	9.74468	5.47232e+06
NODE_846	8.95591e-07	1.64132e-13	4.88683	5.45655e+06
NODE_847	1.41054e-06	2.58089e-13	7.70911	5.46534e+06
NODE_849	7.19148e-07	1.31411e-13	3.93554	5.4725e+06
NODE_851	3.6001e-07	6.5782e-14	1.97026	5.47278e+06
NODE_854	3.60251e-07	6.5826e-14	1.97158	5.47278e+06
NODE_857	3.60176e-07	6.58311e-14	1.9706	5.47121e+06
NODE_858	1.83407e-07	3.35241e-14	1.0034	5.47091e+06
NODE_860	2.10752e-07	3.85274e-14	1.15285	5.47017e+06
NODE_861	1.01572e-06	1.85837e-13	5.55152	5.46563e+06
NODE_862	7.15443e-07	1.30728e-13	3.91545	5.47277e+06
NODE_863	3.59999e-07	6.57829e-14	1.97011	5.47254e+06
NODE_864	3.60031e-07	6.57858e-14	1.97037	5.47278e+06
NODE_865	3.60065e-07	6.5792e-14	1.97056	5.47278e+06
NODE_866	3.60053e-07	6.57897e-14	1.97049	5.47278e+06
NODE_868	1.0693e-06	1.95386e-13	5.852	5.47275e+06
NODE_871	5.37611e-07	9.82337e-14	2.94222	5.47277e+06
NODE_872	7.16517e-07	1.31107e-13	3.91585	5.46512e+06
NODE_873	5.37886e-07	9.82996e-14	2.94326	5.47191e+06
NODE_874	6.81078e-07	1.24459e-13	3.72708	5.47232e+06
NODE_875	3.60303e-07	6.58354e-14	1.97186	5.47278e+06
NODE_876	7.17789e-07	1.31251e-13	3.92547	5.46883e+06
NODE_877	5.37429e-07	9.82005e-14	2.94123	5.47277e+06
NODE_878	7.14993e-07	1.30646e-13	3.91299	5.47277e+06
NODE_879	1.82747e-07	3.33951e-14	1.00004	5.47227e+06
NODE_880	7.49841e-07	1.37176e-13	4.09883	5.46626e+06
NODE_881	1.95735e-06	3.57656e-13	10.712	5.47272e+06
NODE_882	3.60186e-07	6.58141e-14	1.97122	5.47278e+06
NODE_883	1.07589e-06	1.96728e-13	5.88392	5.46891e+06
NODE_885	1.07062e-06	1.95628e-13	5.85925	5.47275e+06
NODE_886	1.24689e-06	2.27837e-13	6.82393	5.47275e+06
NODE_887	3.6023e-07	6.58222e-14	1.97146	5.47278e+06
NODE_889	3.6023e-07	6.58222e-14	1.97146	5.47278e+06
NODE_891	3.6018e-07	6.58129e-14	1.97118	5.47278e+06
NODE_892	1.06994e-06	1.95504e-13	5.85554	5.47275e+06
NODE_893	5.37657e-07	9.82421e-14	2.94247	5.47277e+06
NODE_894	3.60307e-07	6.5838e-14	1.97183	5.47263e+06
NODE_896	8.92243e-07	1.63033e-13	4.88303	5.47276e+06
NODE_897	1.06984e-06	1.95485e-13	5.85497	5.47275e+06
NODE_899	5.37373e-07	9.81903e-14	2.94092	5.47277e+06
NODE_900	1.06999e-06	1.95511e-13	5.85577	5.47275e+06
NODE_901	1.06945e-06	1.95463e-13	5.85139	5.47138e+06
NODE_902	5.37992e-07	9.83061e-14	2.94423	5.47262e+06
NODE_903	3.60369e-07	6.58475e-14	1.97222	5.47278e+06
NODE_905	7.15177e-07	1.30679e-13	3.914	5.47277e+06
NODE_906	5.3755e-07	9.82255e-14	2.94181	5.47262e+06
NODE_907	7.15191e-07	1.30682e-13	3.91407	5.47277e+06
NODE_908	1.82731e-07	3.33905e-14	1.00001	5.47256e+06
NODE_909	5.37315e-07	9.81796e-14	2.9406	5.47277e+06
NODE_910	5.37153e-07	9.81501e-14	2.93972	5.47277e+06
NODE_913	3.6023e-07	6.58222e-14	1.97146	5.47278e+06
NODE_917	3.602e-07	6.58185e-14	1.97124	5.47262e+06
NODE_920	5.3755e-07	9.82226e-14	2.94189	5.47277e+06
NODE_921	3.60365e-07	6.58485e-14	1.97215	5.47264e+06
NODE_922	1.06979e-06	1.95487e-13	5.85429	5.4724e+06
NODE_923	5.37882e-07	9.83028e-14	2.94312	5.47169e+06
NODE_925	3.60095e-07	6.57975e-14	1.97072	5.47278e+06
NODE_927	3.59911e-07	6.57638e-14	1.96971	5.47278e+06
NODE_928	1.82907e-07	3.34241e-14	1.00092	5.4723e+06
NODE_930	1.82728e-07	3.33895e-14	1	5.47263e+06
NODE_932	5.37874e-07	9.82904e-14	2.9434	5.47229e+06
NODE_936	3.59965e-07	6.57756e-14	1.96995	5.47262e+06
NODE_937	7.16168e-07	1.3088e-13	3.91883	5.47194e+06
NODE_939	5.37814e-07	9.82708e-14	2.94333	5.47277e+06
NODE_941	9.64064e-06	1.77512e-12	52.3582	5.43099e+06
NODE_942	1.24735e-06	2.2792e-13	6.82643	5.47275e+06
NODE_943	3.60122e-07	6.58023e-14	1.97087	5.47278e+06
NODE_945	7.14958e-07	1.30639e-13	3.9128	5.47277e+06
NODE_948	3.60048e-07	6.57888e-14	1.97046	5.47278e+06
NODE_950	8.9236e-07	1.63063e-13	4.88342	5.47248e+06
NODE_951	3.60663e-07	6.59584e-14	1.97211	5.46803e+06
NODE_952	3.60031e-07	6.57858e-14	1.97037	5.47278e+06
NODE_953	6.03786e-07	1.10368e-13	3.30312	5.47068e+06
NODE_955	3.60088e-07	6.57963e-14	1.97068	5.47278e+06
NODE_956	1.24693e-06	2.27843e-13	6.82412	5.47275e+06
NODE_957	8.92368e-07	1.63056e-13	4.88371	5.47276e+06
NODE_958	5.38492e-07	9.84081e-14	2.94665	5.47203e+06
NODE_962	3.60215e-07	6.58194e-14	1.97138	5.47278e+06
NODE_964	2.16813e-06	3.96364e-13	11.8597	5.47004e+06
NODE_965	5.37908e-07	9.82908e-14	2.94377	5.47263e+06
NODE_966	7.14668e-07	1.30586e-13	3.91121	5.47277e+06
NODE_967	3.59962e-07	6.57732e-14	1.96999	5.47278e+06
NODE_970	1.06965e-06	1.9545e-13	5.85393	5.47275e+06
NODE_971	1.25922e-06	2.302e-13	6.88807	5.47011e+06
NODE_972	1.07302e-06	1.961e-13	5.87131	5.47178e+06
NODE_973	1.42515e-06	2.60466e-13	7.79781	5.47156e+06
NODE_974	6.54263e-07	1.19572e-13	3.57995	5.47172e+06
NODE_975	1.60476e-06	2.93352e-13	8.77875	5.47043e+06
NODE_976	7.14344e-07	1.30547e-13	3.90884	5.47194e+06
NODE_977	3.60217e-07	6.58198e-14	1.97139	5.47278e+06
NODE_978	3.60048e-07	6.57888e-14	1.97046	5.47278e+06
NODE_979	1.41417e-06	2.58412e-13	7.73908	5.47253e+06
NODE_980	5.37611e-07	9.82337e-14	2.94222	5.47277e+06
NODE_981	3.60085e-07	6.57956e-14	1.97066	5.47278e+06
NODE_982	1.60232e-06	2.92801e-13	8.76855	5.47239e+06
NODE_983	1.9584e-06	3.57857e-13	10.7175	5.47258e+06
NODE_984	1.83666e-07	3.35705e-14	1.00484	5.47105e+06
NODE_987	7.18395e-07	1.31285e-13	3.93108	5.47203e+06
NODE_988	3.59974e-07	6.57754e-14	1.97006	5.47278e+06
NODE_989	1.95701e-06	3.57609e-13	10.7097	5.47248e+06
NODE_990	5.37389e-07	9.81932e-14	2.94101	5.47277e+06
NODE_991	8.92542e-07	1.63088e-13	4.88467	5.47276e+06
NODE_993	1.78298e-06	3.2584e-13	9.7564	5.47195e+06
NODE_994	5.3785e-07	9.82775e-14	2.94353	5.47277e+06
NODE_995	3.59973e-07	6.57751e-14	1.97005	5.47278e+06
NODE_996	1.07082e-06	1.95712e-13	5.8589	5.47141e+06
NODE_997	5.38583e-07	9.8418e-14	2.94734	5.4724e+06
NODE_999	3.60567e-07	6.58859e-14	1.97324	5.4726e+06
NODE_1000	5.38971e-07	9.84882e-14	2.94948	5.47244e+06
NODE_1001	3.60362e-07	6.58463e-14	1.97218	5.47278e+06
NODE_1002	1.60186e-06	2.92699e-13	8.76657	5.47273e+06
NODE_1005	1.06982e-06	1.95489e-13	5.85463	5.47254e+06
NODE_1006	5.37613e-07	9.82341e-14	2.94223	5.47277e+06
NODE_1007	8.96577e-07	1.63879e-13	4.90516	5.47099e+06
NODE_1009	7.14733e-07	1.30604e-13	3.9114	5.47254e+06
NODE_1010	3.60175e-07	6.58121e-14	1.97116	5.47278e+06
NODE_1011	3.6008e-07	6.57948e-14	1.97064	5.47278e+06
NODE_1012	3.60009e-07	6.57818e-14	1.97025	5.47278e+06
NODE_1013	1.60241e-06	2.92798e-13	8.76955	5.47274e+06
NODE_1014	3.60125e-07	6.58029e-14	1.97088	5.47278e+06
NODE_1015	8.90854e-07	1.62796e-13	4.87495	5.47223e+06
NODE_1017	1.49555e-06	2.7329e-13	8.18423	5.47239e+06
NODE_1018	1.24777e-06	2.28013e-13	6.82818	5.47233e+06
NODE_1019	8.92387e-07	1.6306e-13	4.88382	5.47276e+06
NODE_1021	3.6001e-07	6.5782e-14	1.97026	5.47278e+06
NODE_1022	5.38547e-07	9.84079e-14	2.94725	5.4726e+06
NODE_1023	5.37319e-07	9.81803e-14	2.94062	5.47277e+06
NODE_1025	1.89181e-07	3.45701e-14	1.03527	5.47239e+06
NODE_1026	7.15021e-07	1.30651e-13	3.91314	5.47277e+06
NODE_1028	3.60307e-07	6.58361e-14	1.97188	5.47278e+06
NODE_1032	3.60234e-07	6.58228e-14	1.97148	5.47278e+06
NODE_1033	1.82729e-07	3.33899e-14	1	5.47259e+06
NODE_1034	1.83069e-07	3.3452e-14	1.00186	5.4726e+06
NODE_1036	1.83005e-07	3.34402e-14	1.00152	5.47261e+06
NODE_1038	3.60283e-07	6.58337e-14	1.97169	5.47263e+06
NODE_1039	3.60377e-07	6.5849e-14	1.97226	5.47278e+06
NODE_1040	5.35609e-07	9.78742e-14	2.93108	5.47243e+06
NODE_1044	3.58814e-07	6.55806e-14	1.96319	5.47134e+06
NODE_1046	5.37698e-07	9.82561e-14	2.9425	5.47241e+06
NODE_1048	3.60069e-07	6.57928e-14	1.97058	5.47278e+06
NODE_1049	5.37358e-07	9.81875e-14	2.94084	5.47277e+06
NODE_1051	8.74192e-07	1.59743e-13	4.78401	5.47249e+06
NODE_1052	5.37762e-07	9.8264e-14	2.94297	5.47263e+06
NODE_1053	7.14746e-07	1.306e-13	3.91164	5.47277e+06
NODE_1054	7.44786e-07	1.3613e-13	4.07484	5.47116e+06
NODE_1056	3.60296e-07	6.58341e-14	1.97182	5.47278e+06
NODE_1057	5.3884e-07	9.84641e-14	2.94877	5.47245e+06
NODE_1058	1.95713e-06	3.57655e-13	10.7096	5.47211e+06
NODE_1059	3.6001e-07	6.57819e-14	1.97025	5.47278e+06
NODE_1060	1.07834e-06	1.97117e-13	5.89909	5.47055e+06
NODE_1061	1.82728e-07	3.33894e-14	1	5.47263e+06
NODE_1062	3.72802e-07	6.81242e-14	2.04012	5.47239e+06
NODE_1063	1.86154e-06	3.40278e-13	10.1838	5.47063e+06
NODE_1065	1.82741e-07	3.3394e-14	1	5.47226e+06
NODE_1066	3.60032e-07	6.5786e-14	1.97038	5.47278e+06
NODE_1068	2.18057e-07	3.9853e-14	1.1931	5.47153e+06
NODE_1071	5.37791e-07	9.82667e-14	2.94321	5.47277e+06
NODE_1073	7.08678e-07	1.29492e-13	3.87842	5.47275e+06
NODE_1075	1.06703e-06	1.94971e-13	5.83958	5.47275e+06
NODE_1076	3.6008e-07	6.57947e-14	1.97064	5.47278e+06
NODE_1077	3.60009e-07	6.57818e-14	1.97025	5.47278e+06
NODE_1078	3.61219e-07	6.60163e-14	1.97647	5.47166e+06
NODE_1079	8.60752e-07	1.57349e-13	4.70862	5.47035e+06
NODE_1080	1.2477e-06	2.27993e-13	6.82808	5.47254e+06
NODE_1081	3.60036e-07	6.57867e-14	1.9704	5.47278e+06
NODE_1082	8.92167e-07	1.6302e-13	4.88262	5.47276e+06
NODE_1083	3.60192e-07	6.58151e-14	1.97125	5.47278e+06
NODE_1084	1.42629e-06	2.60625e-13	7.80553	5.4726e+06
NODE_1085	7.14515e-07	1.30558e-13	3.91038	5.47277e+06
NODE_1086	3.60382e-07	6.58517e-14	1.97224	5.47264e+06
NODE_1087	3.60117e-07	6.58014e-14	1.97084	5.47278e+06
NODE_1089	3.60428e-07	6.58584e-14	1.97255	5.47278e+06
NODE_1091	5.36551e-07	9.80436e-14	2.93632	5.47258e+06
NODE_1092	3.60024e-07	6.57863e-14	1.97028	5.47263e+06
NODE_1093	3.60009e-07	6.57818e-14	1.97025	5.47278e+06
NODE_1097	3.60721e-07	6.59137e-14	1.9741	5.47263e+06
NODE_1099	1.06993e-06	1.95518e-13	5.85502	5.47232e+06
NODE_1102	3.60142e-07	6.5806e-14	1.97098	5.47278e+06
NODE_1106	3.60148e-07	6.58125e-14	1.97085	5.47233e+06
NODE_1107	3.60297e-07	6.58343e-14	1.97182	5.47278e+06
NODE_1109	8.9329e-07	1.63229e-13	4.88863	5.47261e+06
NODE_1111	1.42436e-06	2.60276e-13	7.79484	5.47251e+06
NODE_1112	8.77001e-07	1.60257e-13	4.79935	5.47246e+06
NODE_1113	8.92636e-07	1.63105e-13	4.88518	5.47276e+06
NODE_1114	3.60078e-07	6.57943e-14	1.97063	5.47278e+06
NODE_1116	1.82904e-07	3.34366e-14	1.00052	5.47019e+06
NODE_1117	3.61784e-07	6.61158e-14	1.97967	5.47197e+06
NODE_1119	3.61215e-07	6.60049e-14	1.97677	5.47255e+06
NODE_1120	8.92414e-07	1.63065e-13	4.88397	5.47276e+06
NODE_1121	5.37438e-07	9.82021e-14	2.94127	5.47277e+06
NODE_1122	3.60069e-07	6.57927e-14	1.97058	5.47278e+06
NODE_1123	1.60612e-06	2.93851e-13	8.77865	5.46576e+06
NODE_1124	8.92512e-07	1.63083e-13	4.8845	5.47276e+06
NODE_1125	6.78293e-07	1.23941e-13	3.71209	5.47269e+06
NODE_1126	5.37411e-07	9.81973e-14	2.94113	5.47277e+06
NODE_1127	3.60055e-07	6.57902e-14	1.9705	5.47278e+06
NODE_1128	5.38715e-07	9.8463e-14	2.94744	5.47124e+06
NODE_1129	3.60175e-07	6.5817e-14	1.97101	5.47236e+06
NODE_1130	3.60179e-07	6.58127e-14	1.97118	5.47278e+06
NODE_1131	2.73669e-07	5.00196e-14	1.49731	5.47124e+06
NODE_1132	7.15282e-07	1.30703e-13	3.91444	5.47258e+06
NODE_1133	1.6022e-06	2.92761e-13	8.76843	5.47273e+06
NODE_1136	3.60197e-07	6.58161e-14	1.97128	5.47278e+06
NODE_1144	1.82995e-07	3.34384e-14	1.00146	5.47261e+06
NODE_1146	3.60335e-07	6.58413e-14	1.97203	5.47278e+06
NODE_1150	3.59948e-07	6.57706e-14	1.96991	5.47278e+06
NODE_1151	7.1515e-07	1.30674e-13	3.91385	5.47277e+06
NODE_1153	1.82729e-07	3.33897e-14	1	5.4726e+06
NODE_1154	1.82918e-07	3.34241e-14	1.00105	5.47264e+06
NODE_1158	8.92281e-07	1.6304e-13	4.88324	5.47276e+06
NODE_1159	8.92454e-07	1.63078e-13	4.88401	5.47256e+06
NODE_1161	3.60262e-07	6.58279e-14	1.97163	5.47278e+06
NODE_1162	5.37547e-07	9.8222e-14	2.94187	5.47277e+06
NODE_1163	7.1494e-07	1.30641e-13	3.91254	5.47254e+06
NODE_1167	1.82729e-07	3.33897e-14	1.00001	5.47262e+06
NODE_1168	2.13417e-06	3.89966e-13	11.6797	5.47272e+06
NODE_1169	1.60841e-06	2.93973e-13	8.80003	5.47128e+06
NODE_1170	1.60266e-06	2.92918e-13	8.76873	5.47136e+06
NODE_1171	2.31216e-06	4.22501e-13	12.6534	5.47255e+06
NODE_1172	7.14951e-07	1.30638e-13	3.91276	5.47277e+06
NODE_1173	1.60196e-06	2.92724e-13	8.76682	5.47258e+06
NODE_1174	8.92577e-07	1.63115e-13	4.88424	5.47207e+06
NODE_1175	5.3779e-07	9.82665e-14	2.9432	5.47277e+06
NODE_1177	8.92694e-07	1.63116e-13	4.8855	5.47276e+06
NODE_1178	8.92481e-07	1.63087e-13	4.88402	5.47241e+06
NODE_1179	3.6001e-07	6.5782e-14	1.97026	5.47278e+06
NODE_1184	3.6001e-07	6.5782e-14	1.97026	5.47278e+06
NODE_1190	1.24767e-06	2.2799e-13	6.82781	5.47246e+06
NODE_1191	3.60344e-07	6.5843e-14	1.97209	5.47278e+06
NODE_1192	3.60198e-07	6.58162e-14	1.97128	5.47278e+06
NODE_1193	5.37743e-07	9.82578e-14	2.94294	5.47277e+06
NODE_1194	5.37676e-07	9.82455e-14	2.94258	5.47277e+06
NODE_1195	1.42435e-06	2.60263e-13	7.79512	5.47274e+06
NODE_1196	5.37793e-07	9.8279e-14	2.94286	5.4721e+06
NODE_1200	3.60254e-07	6.58265e-14	1.97159	5.47278e+06
NODE_1201	7.14962e-07	1.3064e-13	3.91282	5.47277e+06
NODE_1202	5.37922e-07	9.82905e-14	2.94392	5.47277e+06
NODE_1203	8.92303e-07	1.63044e-13	4.88336	5.47276e+06
NODE_1207	3.60009e-07	6.57818e-14	1.97025	5.47278e+06
NODE_1208	7.15104e-07	1.30666e-13	3.9136	5.47277e+06
NODE_1210	5.37782e-07	9.8265e-14	2.94316	5.47277e+06
NODE_1211	7.17057e-07	1.3106e-13	3.92316	5.4712e+06
NODE_1214	1.8339e-06	3.35144e-13	10.035	5.47197e+06
NODE_1215	1.24715e-06	2.27884e-13	6.82533	5.47275e+06
NODE_1216	5.40148e-07	9.87078e-14	2.9558	5.47219e+06
NODE_1217	5.3759e-07	9.82299e-14	2.94211	5.47277e+06
NODE_1219	5.42167e-07	9.90741e-14	2.96693	5.47234e+06
NODE_1220	7.15637e-07	1.30848e-13	3.91397	5.46921e+06
NODE_1222	5.37654e-07	9.82416e-14	2.94246	5.47277e+06
NODE_1223	7.15077e-07	1.30665e-13	3.91335	5.47262e+06
NODE_1225	3.60417e-07	6.58564e-14	1.97249	5.47278e+06
NODE_1227	3.60642e-07	6.58991e-14	1.97366	5.47264e+06
NODE_1228	8.92388e-07	1.63066e-13	4.88365	5.47256e+06
NODE_1229	5.37434e-07	9.82056e-14	2.94112	5.47253e+06
NODE_1233	7.17462e-07	1.31103e-13	3.92633	5.47253e+06
NODE_1234	1.24721e-06	2.27902e-13	6.82546	5.47258e+06
NODE_1235	5.37692e-07	9.82486e-14	2.94267	5.47277e+06
NODE_1236	7.14933e-07	1.30635e-13	3.91266	5.47277e+06
NODE_1237	1.42584e-06	2.60542e-13	7.80305	5.4726e+06
NODE_1238	8.92395e-07	1.63074e-13	4.88347	5.47232e+06
NODE_1240	3.7605e-07	6.88698e-14	2.05335	5.46031e+06
NODE_1241	7.15168e-07	1.30678e-13	3.91395	5.47277e+06
NODE_1242	7.15069e-07	1.3066e-13	3.91341	5.47277e+06
NODE_1243	3.60155e-07	6.58084e-14	1.97105	5.47278e+06
NODE_1244	1.82728e-07	3.33896e-14	1	5.47262e+06
NODE_1246	1.06533e-06	1.94674e-13	5.82989	5.47239e+06
NODE_1247	7.15963e-07	1.30826e-13	3.9182	5.47262e+06
NODE_1248	7.15009e-07	1.30652e-13	3.91297	5.47262e+06
NODE_1250	3.60076e-07	6.5794e-14	1.97062	5.47278e+06
NODE_1252	3.60054e-07	6.57899e-14	1.97049	5.47278e+06
NODE_1253	3.60177e-07	6.58124e-14	1.97117	5.47278e+06
NODE_1254	1.8273e-07	3.33903e-14	1	5.47256e+06
NODE_1255	3.66071e-07	6.69281e-14	2.00227	5.46962e+06
NODE_1256	2.33801e-06	4.27375e-13	12.7904	5.47063e+06
NODE_1257	3.60088e-07	6.57962e-14	1.97068	5.47278e+06
NODE_1258	5.37662e-07	9.82431e-14	2.9425	5.47277e+06
NODE_1259	5.37629e-07	9.82371e-14	2.94232	5.47277e+06
NODE_1260	1.82728e-07	3.33895e-14	1	5.47262e+06
NODE_1261	8.92619e-07	1.63107e-13	4.88494	5.4726e+06
NODE_1262	7.1542e-07	1.30747e-13	3.91462	5.47178e+06
NODE_1263	5.37786e-07	9.82657e-14	2.94318	5.47277e+06
NODE_1264	1.24738e-06	2.27925e-13	6.82657	5.47275e+06
NODE_1265	3.60278e-07	6.58309e-14	1.97172	5.47278e+06
NODE_1266	1.42445e-06	2.60282e-13	7.79567	5.47274e+06
NODE_1268	1.06997e-06	1.95508e-13	5.85567	5.47275e+06
NODE_1269	5.37688e-07	9.82479e-14	2.94265	5.47277e+06
NODE_1271	1.82784e-07	3.34047e-14	1.00015	5.4718e+06
NODE_1273	1.4247e-06	2.60356e-13	7.79616	5.47214e+06
NODE_1275	1.42443e-06	2.60288e-13	7.7952	5.47251e+06
NODE_1276	8.93847e-07	1.63331e-13	4.89168	5.47261e+06
NODE_1277	1.6381e-06	3.00901e-13	8.91774	5.44396e+06
NODE_1278	3.60018e-07	6.57835e-14	1.9703	5.47278e+06
NODE_1279	3.59999e-07	6.57799e-14	1.97019	5.47278e+06
NODE_1280	3.59996e-07	6.57794e-14	1.97018	5.47278e+06
NODE_1283	3.60262e-07	6.58279e-14	1.97163	5.47278e+06
NODE_1284	3.60036e-07	6.57866e-14	1.9704	5.47278e+06
NODE_1285	3.60078e-07	6.57943e-14	1.97063	5.47278e+06
NODE_1286	3.6011e-07	6.58001e-14	1.9708	5.47278e+06
NODE_1287	5.38043e-07	9.83155e-14	2.9445	5.47261e+06
NODE_1290	1.06988e-06	1.95492e-13	5.85519	5.47275e+06
NODE_1297	3.603e-07	6.5835e-14	1.97184	5.47278e+06
NODE_1298	1.83096e-07	3.34569e-14	1.00201	5.47259e+06
NODE_1300	3.603e-07	6.5835e-14	1.97184	5.47278e+06
NODE_1303	3.60338e-07	6.58441e-14	1.97198	5.47259e+06
NODE_1304	1.82732e-07	3.33908e-14	1.00001	5.47252e+06
NODE_1313	5.40298e-07	9.87759e-14	2.9554	5.46994e+06
NODE_1321	3.60076e-07	6.5794e-14	1.97062	5.47278e+06
NODE_1322	1.82927e-07	3.34257e-14	1.00109	5.47264e+06
NODE_1323	1.07001e-06	1.95517e-13	5.85593	5.47275e+06
NODE_1324	7.15258e-07	1.30694e-13	3.91444	5.47277e+06
NODE_1325	3.60096e-07	6.57976e-14	1.97073	5.47278e+06
NODE_1326	8.92028e-07	1.62994e-13	4.88186	5.47276e+06
NODE_1327	1.06996e-06	1.9552e-13	5.85525	5.4724e+06
NODE_1334	3.60074e-07	6.57936e-14	1.97061	5.47278e+06
NODE_1339	3.6002e-07	6.57837e-14	1.97031	5.47278e+06
NODE_1340	1.24705e-06	2.27865e-13	6.82476	5.47275e+06
NODE_1341	7.14856e-07	1.30621e-13	3.91224	5.47277e+06
NODE_1342	3.60007e-07	6.57842e-14	1.97015	5.47254e+06
NODE_1344	3.60089e-07	6.57964e-14	1.97069	5.47278e+06
NODE_1345	5.36092e-07	9.79591e-14	2.93382	5.47261e+06
NODE_1350	3.60297e-07	6.58343e-14	1.97182	5.47278e+06
NODE_1351	7.27732e-07	1.33011e-13	3.98158	5.47121e+06
NODE_1352	3.60164e-07	6.58101e-14	1.9711	5.47278e+06
NODE_1353	3.60554e-07	6.58905e-14	1.97296	5.47202e+06
NODE_1359	7.14711e-07	1.30594e-13	3.91145	5.47277e+06
NODE_1361	1.42534e-06	2.60443e-13	7.80049	5.47274e+06
NODE_1369	5.38114e-07	9.83282e-14	2.9449	5.47263e+06
NODE_1370	1.43473e-06	2.62186e-13	7.8511	5.47218e+06
NODE_1371	5.65538e-07	1.03344e-13	3.09484	5.47237e+06
NODE_1372	1.83012e-07	3.34415e-14	1.00155	5.4726e+06
NODE_1374	1.82729e-07	3.33898e-14	1.00001	5.47261e+06
NODE_1376	3.59991e-07	6.57784e-14	1.97015	5.47278e+06
NODE_1379	2.20199e-07	4.02514e-14	1.20461	5.47058e+06
NODE_1380	1.82738e-07	3.33932e-14	1	5.47232e+06
NODE_1381	3.61923e-07	6.61716e-14	1.97952	5.46946e+06
NODE_1382	2.66667e-06	4.87354e-13	14.5913	5.47174e+06
NODE_1385	5.37602e-07	9.82321e-14	2.94217	5.47277e+06
NODE_1386	5.37586e-07	9.82292e-14	2.94209	5.47277e+06
NODE_1388	7.23442e-07	1.32212e-13	3.95855	5.47184e+06
NODE_1389	3.60307e-07	6.58362e-14	1.97188	5.47278e+06
NODE_1390	3.60043e-07	6.5788e-14	1.97044	5.47278e+06
NODE_1393	5.37606e-07	9.82327e-14	2.94219	5.47277e+06
NODE_1394	1.07094e-06	1.95692e-13	5.86082	5.4726e+06
NODE_1395	1.8291e-07	3.34225e-14	1.001	5.47264e+06
NODE_1397	5.37672e-07	9.82475e-14	2.94248	5.47263e+06
NODE_1398	1.82902e-07	3.34212e-14	1.00096	5.47264e+06
NODE_1399	7.15719e-07	1.30782e-13	3.91686	5.47262e+06
NODE_1400	7.16445e-07	1.30918e-13	3.92073	5.47248e+06
NODE_1401	5.37368e-07	9.81893e-14	2.94089	5.47277e+06
NODE_1404	3.60231e-07	6.58223e-14	1.97146	5.47278e+06
NODE_1405	3.60183e-07	6.58135e-14	1.9712	5.47278e+06
NODE_1411	3.60183e-07	6.58135e-14	1.9712	5.47278e+06
NODE_1413	3.60183e-07	6.58135e-14	1.9712	5.47278e+06
NODE_1414	3.60152e-07	6.58078e-14	1.97103	5.47278e+06
NODE_1417	3.60183e-07	6.58135e-14	1.9712	5.47278e+06
NODE_1426	3.60069e-07	6.57926e-14	1.97058	5.47278e+06
NODE_1428	5.37575e-07	9.82273e-14	2.94203	5.47277e+06
NODE_1429	5.37752e-07	9.82595e-14	2.94299	5.47277e+06
NODE_1430	7.15133e-07	1.30671e-13	3.91376	5.47277e+06
NODE_1431	5.37712e-07	9.82523e-14	2.94278	5.47277e+06
NODE_1432	8.92226e-07	1.6303e-13	4.88294	5.47276e+06
NODE_1434	5.41459e-07	9.89473e-14	2.96297	5.47219e+06
NODE_1436	3.60153e-07	6.58081e-14	1.97104	5.47278e+06
NODE_1437	3.63322e-07	6.63961e-14	1.98811	5.47204e+06
NODE_1440	3.60411e-07	6.58552e-14	1.97245	5.47278e+06
NODE_1441	8.9407e-07	1.63376e-13	4.89277	5.47247e+06
NODE_1444	3.60262e-07	6.58279e-14	1.97163	5.47278e+06
NODE_1445	3.60393e-07	6.58538e-14	1.97229	5.47262e+06
NODE_1446	3.60171e-07	6.58114e-14	1.97114	5.47278e+06
NODE_1447	3.60048e-07	6.57888e-14	1.97046	5.47278e+06
NODE_1451	7.15153e-07	1.30675e-13	3.91387	5.47277e+06
NODE_1454	1.82916e-07	3.34238e-14	1.00103	5.47264e+06
NODE_1455	3.60087e-07	6.5796e-14	1.97068	5.47278e+06
NODE_1457	3.6002e-07	6.57837e-14	1.97031	5.47278e+06
NODE_1458	1.07136e-06	1.95768e-13	5.86314	5.47261e+06
NODE_1461	5.37583e-07	9.82286e-14	2.94207	5.47277e+06
NODE_1462	3.60121e-07	6.58023e-14	1.97086	5.47278e+06
NODE_1463	3.60143e-07	6.58062e-14	1.97098	5.47278e+06
NODE_1464	7.14837e-07	1.30617e-13	3.91213	5.47277e+06
NODE_1465	7.1487e-07	1.30623e-13	3.91232	5.47277e+06
NODE_1468	5.41892e-07	9.90264e-14	2.96534	5.47219e+06
NODE_1469	7.14903e-07	1.30629e-13	3.9125	5.47277e+06
NODE_1470	3.60136e-07	6.5805e-14	1.97095	5.47278e+06
NODE_1471	8.93798e-07	1.63322e-13	4.89141	5.47262e+06
NODE_1472	3.62815e-07	6.63015e-14	1.98539	5.4722e+06
NODE_1473	1.95722e-06	3.57633e-13	10.7113	5.47272e+06
NODE_1474	7.16488e-07	1.30989e-13	3.91905	5.46981e+06
NODE_1480	1.82915e-07	3.34235e-14	1.00103	5.47264e+06
NODE_1482	1.82739e-07	3.33922e-14	1.00003	5.47249e+06
NODE_1483	3.60184e-07	6.58138e-14	1.97121	5.47278e+06
NODE_1486	1.82915e-07	3.34235e-14	1.00103	5.47264e+06
NODE_1487	3.60262e-07	6.58279e-14	1.97163	5.47278e+06
NODE_1500	3.60433e-07	6.58591e-14	1.97257	5.47278e+06
NODE_1505	3.60158e-07	6.58089e-14	1.97106	5.47278e+06
NODE_1508	7.1609e-07	1.3085e-13	3.91889	5.47262e+06
NODE_1509	5.37738e-07	9.8257e-14	2.94292	5.47277e+06
NODE_1513	3.60134e-07	6.58047e-14	1.97094	5.47278e+06
NODE_1514	3.60184e-07	6.58138e-14	1.97121	5.47278e+06
NODE_1516	3.60134e-07	6.58047e-14	1.97094	5.47278e+06
NODE_1517	5.37786e-07	9.82658e-14	2.94318	5.47277e+06
NODE_1520	5.37711e-07	9.8252e-14	2.94277	5.47277e+06
NODE_1523	3.60184e-07	6.58138e-14	1.97121	5.47278e+06
NODE_1524	3.60262e-07	6.58279e-14	1.97163	5.47278e+06
NODE_1527	3.60171e-07	6.58114e-14	1.97114	5.47278e+06
NODE_1534	5.37738e-07	9.82569e-14	2.94292	5.47277e+06
NODE_1536	3.60112e-07	6.58005e-14	1.97081	5.47278e+06
NODE_1542	5.37786e-07	9.82658e-14	2.94318	5.47277e+06
NODE_1543	1.84103e-07	3.36434e-14	1.00745	5.4722e+06
NODE_1545	5.37786e-07	9.82658e-14	2.94318	5.47277e+06
NODE_1552	3.60112e-07	6.58005e-14	1.97081	5.47278e+06
NODE_1554	3.60112e-07	6.58005e-14	1.97081	5.47278e+06
NODE_1557	5.37786e-07	9.82658e-14	2.94318	5.47277e+06
NODE_1570	1.84103e-07	3.36434e-14	1.00745	5.4722e+06
NODE_1577	5.37786e-07	9.82658e-14	2.94318	5.47277e+06
NODE_1579	5.37619e-07	9.82352e-14	2.94227	5.47277e+06
NODE_1581	1.08136e-06	1.98129e-13	5.90193	5.45786e+06
NODE_1582	8.92445e-07	1.6307e-13	4.88414	5.47276e+06
NODE_1584	3.84723e-07	7.0335e-14	2.10439	5.46987e+06
NODE_1585	1.97936e-06	3.61742e-13	10.8305	5.47173e+06
NODE_1586	5.40608e-07	9.91439e-14	2.9478	5.45276e+06
NODE_1590	2.3281e-06	4.25445e-13	12.7397	5.47216e+06
NODE_1591	1.78264e-06	3.26321e-13	9.73829	5.46284e+06
NODE_1593	1.79968e-06	3.28919e-13	9.8469	5.47149e+06
NODE_1594	3.61218e-07	6.60218e-14	1.9763	5.4712e+06
NODE_1595	7.14858e-07	1.30629e-13	3.91202	5.47244e+06
NODE_1596	3.78817e-07	6.92241e-14	2.07301	5.47233e+06
NODE_1597	1.82776e-07	3.34061e-14	1.00003	5.47134e+06
NODE_1598	6.41841e-07	1.17314e-13	3.51161	5.47115e+06
NODE_1599	1.83052e-07	3.34487e-14	1.00177	5.4726e+06
NODE_1602	1.83038e-07	3.3451e-14	1.00155	5.47183e+06
NODE_1603	1.07252e-06	1.96018e-13	5.86837	5.47155e+06
NODE_1604	7.14848e-07	1.30619e-13	3.91219	5.47277e+06
NODE_1606	3.60262e-07	6.58279e-14	1.97163	5.47278e+06
NODE_1607	8.92558e-07	1.63099e-13	4.88451	5.47249e+06
NODE_1608	8.94009e-07	1.63413e-13	4.89099	5.47085e+06
NODE_1609	1.82731e-07	3.33904e-14	1.00001	5.47256e+06
NODE_1613	1.26395e-06	2.31679e-13	6.89558	5.45559e+06
NODE_1614	1.43039e-06	2.62093e-13	7.8064	5.45754e+06
NODE_1615	1.24678e-06	2.27817e-13	6.82333	5.47275e+06
NODE_1616	3.60064e-07	6.57919e-14	1.97055	5.47278e+06
NODE_1617	1.82738e-07	3.33918e-14	1.00004	5.47253e+06
NODE_1618	3.60724e-07	6.59193e-14	1.97396	5.47221e+06
NODE_1619	1.82739e-07	3.33935e-14	1	5.4723e+06
NODE_1620	2.12354e-07	3.8813e-14	1.16183	5.47121e+06
NODE_1621	5.3785e-07	9.83074e-14	2.94263	5.4711e+06
NODE_1622	5.37791e-07	9.82667e-14	2.94321	5.47277e+06
NODE_1623	3.6033e-07	6.58548e-14	1.97158	5.47159e+06
NODE_1624	5.38648e-07	9.84433e-14	2.9473	5.47166e+06
NODE_1628	7.15352e-07	1.30719e-13	3.91471	5.47243e+06
NODE_1629	1.82923e-07	3.3425e-14	1.00107	5.47264e+06
NODE_1630	1.8307e-07	3.34542e-14	1.00181	5.47227e+06
NODE_1631	3.62651e-07	6.62746e-14	1.9844	5.47194e+06
NODE_1632	1.8273e-07	3.33901e-14	1	5.47258e+06
NODE_1633	7.15088e-07	1.30673e-13	3.91322	5.47235e+06
NODE_1634	3.60545e-07	6.58861e-14	1.97299	5.47224e+06
NODE_1636	1.08018e-06	1.9791e-13	5.8956	5.45796e+06
NODE_1637	1.27579e-06	2.33526e-13	6.96988	5.46318e+06
NODE_1639	7.1804e-07	1.31613e-13	3.9174	5.45568e+06
NODE_1640	1.00314e-06	1.83741e-13	5.47662	5.4595e+06
NODE_1642	9.35427e-07	1.71347e-13	5.10673	5.45925e+06
NODE_1643	8.26297e-07	1.51383e-13	4.5102	5.45833e+06
NODE_1644	6.30598e-07	1.15233e-13	3.45088	5.47239e+06
NODE_1648	3.60494e-07	6.58833e-14	1.97252	5.47171e+06
NODE_1649	3.60105e-07	6.57993e-14	1.97078	5.47278e+06
NODE_1651	5.64695e-07	1.03427e-13	3.08314	5.45983e+06
NODE_1657	5.41703e-07	9.9071e-14	2.96194	5.46783e+06
NODE_1658	1.83656e-07	3.35644e-14	1.00492	5.47174e+06
NODE_1660	5.37502e-07	9.82139e-14	2.94163	5.47277e+06
NODE_1662	3.60112e-07	6.58006e-14	1.97081	5.47278e+06
NODE_1663	3.60277e-07	6.5838e-14	1.97149	5.47217e+06
NODE_1665	3.60175e-07	6.58121e-14	1.97116	5.47278e+06
NODE_1667	3.60245e-07	6.58522e-14	1.97073	5.47051e+06
NODE_1668	5.37592e-07	9.82302e-14	2.94212	5.47277e+06
NODE_1669	3.6494e-07	6.69687e-14	1.9887	5.44941e+06
NODE_1671	5.41533e-07	9.91686e-14	2.95717	5.46073e+06
NODE_1673	8.20473e-06	1.52472e-12	44.1509	5.38115e+06
NODE_1674	5.29798e-06	9.85464e-13	28.4826	5.37612e+06
